x1 x2 rho11 rho12 rho21 rho22
94.00554485270445	-2.6174359345834114e-11	0.2220334132855154	9.999850581525874e-08	-0.22231858058546614	-1.9999994652598259e-07
93.90525860884115	10.14347638191054	0.22082476071131116	-0.034662565057269834	-0.2211173124077155	0.03465446533535186
93.4073527178078	20.228357581726126	0.21720484192311718	-0.06898338838907245	-0.21751013692663276	0.06899948174375188
92.03701041243377	30.206916287441008	0.21121801205758092	-0.10255944767349898	-0.21154272041179945	0.10260409020352075
89.35148742742436	39.96289901997787	0.2029276999682987	-0.13502088623057287	-0.20327644897144825	0.13510025042084028
85.24117668134801	49.30615804953417	0.19241938161040978	-0.1660091979240649	-0.19279348073376534	0.16613068564879654
79.88212660020463	58.08140420404325	0.17981325403076695	-0.19518877760182343	-0.1802198102499064	0.19536499426443865
73.48642288907266	66.18651542146412	0.1652390671405387	-0.2222411284719899	-0.16567645319028035	0.22248502744497625
66.2071988750986	73.533692259318	0.14885205445132946	-0.24687252944337268	-0.14931378725198846	0.2471982144606584
58.158919275151995	80.03230607819079	0.13082659844823116	-0.2688152148742056	-0.13130083260408365	0.26923733012218287
49.44253332521737	85.57772400629129	0.11135419377476538	-0.2878297137178456	-0.11182307762719232	0.28836243957422464
40.157077234591426	90.02760581683263	0.09064477112793498	-0.3037117569307269	-0.09108719517621439	0.3043720643692231
30.417144251422258	93.1960056561258	0.06890406997962904	-0.31626126684076544	-0.0692779101030474	0.3170375045276099
20.382146597809765	94.99527599328464	0.04637686989290289	-0.3253453182324279	-0.046646613213559694	0.32622402738410516
10.215112594258771	95.70244648214359	0.023313451626793776	-0.33085337208463755	-0.023447050877258277	0.33180530278773746
-5.613509882333652e-12	95.84823234581182	-7.499673950170563e-08	-0.3326864034178095	1.499952510616904e-07	0.33365091000721575
-10.215112594270204	95.70244648221086	-0.023313451626586972	-0.3308533720839527	0.023447050881009915	0.3318053027863973
-20.38214659782255	94.99527599336662	-0.04637686989260904	-0.32534531823180773	0.046646613217584315	0.3262240273829073
-30.417144251434063	93.1960056561805	-0.06890406997873884	-0.31626126683914163	0.0692779101061261	0.3170375045244031
-40.157077234598894	90.02760581685791	-0.09064477112606266	-0.30371175692807745	0.09108719517749451	0.304372064363961
-49.44253332522096	85.57772400630071	-0.11135419377363423	-0.2878297137166538	0.11182307763008088	0.28836243957187396
-58.158919275153146	80.03230607819366	-0.1308265984470182	-0.2688152148731828	0.1313008326069101	0.26923733012016754
-66.20719887509796	73.53369225931786	-0.14885205444932828	-0.2468725294419683	0.14931378725332212	0.24719821445787524
-73.4864228890704	66.18651542146256	-0.1652390671399551	-0.22224112847169641	0.16567645319451815	0.22248502744441223
-79.88212660020012	58.08140420404065	-0.17981325403368198	-0.19518877760327397	0.18021981026119932	0.19536499426735845
-85.24117668133998	49.306158049530616	-0.19241938160737393	-0.1660091979229378	0.19279348073321118	0.16613068564655842
-89.3514874274111	39.96289901997365	-0.20292769996279345	-0.13502088622897443	0.20327644896600738	0.13510025041765578
-92.03701041241499	30.20691628743717	-0.2112180120518606	-0.10255944767228577	0.21154272040597705	0.10260409020110277
-93.40735271778692	20.22835758172365	-0.2172048419189308	-0.06898338838849613	0.21751013692390866	0.06899948174260352
-93.90525860882056	10.143476381909405	-0.22082476070807147	-0.03466256505705113	0.2211173124068926	0.03465446533491602
-94.00554485268485	-2.615822257140002e-11	-0.22203341328182086	9.999850580750877e-08	0.22231858058373083	-1.9999994651323114e-07
-93.90525860894894	-10.143476381958235	-0.22082476070814513	0.034662565056247006	0.22111731240703972	-0.03465446533978823
-93.4073527179951	-20.228357581768456	-0.2172048419164834	0.06898338838734058	0.21751013691899704	-0.06899948174717599
-92.03701041262033	-30.206916287482564	-0.21121801204915538	0.10255944767089438	0.2115427204005396	-0.10260409020543801
-89.35148742755048	-39.96289902001444	-0.2029276999633989	0.13502088622835065	0.20327644896719166	-0.13510025042372137
-85.2411766814127	-49.30615804955935	-0.1924193816031166	0.16600919792050853	0.1927934807246759	-0.16613068564917932
-79.88212660023333	-58.08140420405795	-0.1798132540348062	0.19518877760302203	0.18021981026343498	-0.1953649942744619
-73.48642288908434	-66.18651542147137	-0.165239067139032	0.22224112847035402	0.16567645319266452	-0.22248502744942864
-66.20719887510184	-73.5336922593193	-0.14885205445025163	0.2468725294418604	0.14931378725516573	-0.2471982144654334
-58.158919275150204	-80.03230607818583	-0.13082659844074043	0.2688152148666677	0.13130083259435466	-0.269237330114966
-49.44253332521206	-85.5777240062783	-0.11135419376827711	0.28782971370972554	0.11182307761936998	-0.2883624395658823
-40.15707723458426	-90.02760581681041	-0.0906447711237535	0.30371175692385394	0.0910871951728814	-0.3043720643633975
-30.417144251415962	-93.19600565609643	-0.06890406997517147	0.31626126683109484	0.0692779100989975	-0.3170375045161984
-20.3821465978076	-94.9952759932532	-0.046376869890752716	0.32534531822525414	0.0466466132138771	-0.3262240273777073
-10.215112594262449	-95.70244648209209	-0.02331345162683747	0.3308533720847531	0.023447050881514324	-0.3318053027959362
-5.625287035751848e-12	-95.84823234569544	-7.499673948829986e-08	0.3326864034212657	1.4999525103664836e-07	-0.333650910022074
10.215112594251009	-95.70244648202481	0.023313451627044023	0.3308533720854378	-0.02344705087776238	-0.33180530279727594
20.382146597794787	-94.99527599317129	0.046376869891046266	0.3253453182258737	-0.046646613209852174	-0.32622402737890493
30.41714425140412	-93.19600565604193	0.06890406997606202	0.3162612668327189	-0.06927791009591946	-0.31703750451940527
40.15707723457668	-90.02760581678525	0.09064477112562583	0.30371175692650343	-0.09108719517160112	-0.30437206436865977
49.442533325208395	-85.57772400626892	0.1113541937694082	0.2878297137109174	-0.1118230776164814	-0.28836243956823343
58.15891927514903	-80.0323060781831	0.13082659844195335	0.2688152148676903	-0.13130083259152914	-0.26923733011698214
66.20719887510242	-73.53369225931942	0.14885205445225194	0.24687252944326463	-0.1493137872538315	-0.24719821446821566
73.48642288908664	-66.18651542147296	0.16523906713961525	0.2222411284706472	-0.1656764531884263	-0.22248502744999288
79.88212660023781	-58.081404204060576	0.17981325403189133	0.19518877760157155	-0.18021981025214168	-0.19536499427154153
85.24117668142064	-49.306158049563024	0.19241938160615202	0.16600919792163554	-0.19279348072523012	-0.16613068565141753
89.35148742756373	-39.96289902001873	0.20292769996890359	0.13502088622994923	-0.2032764489726323	-0.13510025042690635
92.03701041263909	-30.206916287486433	0.21121801205487553	0.10255944767210744	-0.2115427204063618	-0.10260409020785578
93.40735271801591	-20.228357581770933	0.2172048419206698	0.06898338838791707	-0.2175101369217209	-0.06899948174832445
93.90525860896949	-10.143476381959394	0.22082476071138515	0.03466256505646566	-0.2211173124078634	-0.03465446534022398
