x1 x2 rho11 rho12 rho21 rho22
76.00346574243251	-1.5428094449667288e-11	0.2208297580287276	1.0000208833263782e-07	-0.2229154479304081	-1.999983328239197e-07
75.95634000515976	9.13233012974192	0.21968532122981407	-0.03317851777062238	-0.22183907475557357	0.03308584247417311
75.72976467728033	18.183127273464592	0.21623254837451733	-0.06629631564776627	-0.218548554686786	0.06637699966902555
75.10293967755494	27.079426435542302	0.21050163617378662	-0.09879815587205969	-0.2130437199107146	0.09909660673679059
73.80541798108456	35.74513658955869	0.2025482112458404	-0.13035596896905388	-0.20535358707865697	0.1309309343469166
71.59522253116673	44.07859184398267	0.19243790794417726	-0.16062800967734087	-0.1955163994891096	0.1615480940788206
68.30532644300018	51.94013242207282	0.1802678128005471	-0.1892773839137283	-0.18362161922111292	0.19062691426750478
63.862339714037304	59.1578548132514	0.16614360071011405	-0.21598184263083187	-0.16975714927409086	0.21786154311241185
58.28631450600894	65.54784796485332	0.15018149190394817	-0.24044476617052368	-0.15400757780357255	0.24296870808023924
51.67744314907037	70.94150238800167	0.13251280931735868	-0.2624044083090163	-0.13646212044452544	0.2656956261317608
44.19423529262283	75.21413300827565	0.11327462848936808	-0.28162858185297773	-0.11719807724842776	0.2858029707082083
36.0275203304834	78.31345569727077	0.09260266579099617	-0.2978906244568677	-0.09627007412280461	0.3030156845644034
27.372626876657275	80.28876680200884	0.07065444730610762	-0.3109453395294506	-0.07376062685904167	0.31698457491181725
18.401746278865964	81.31667090681454	0.04766064044850858	-0.3205455209707823	-0.04988835800037766	0.32734478694704144
9.245404997600147	81.69964646751123	0.023924068261219823	-0.32642814054079766	-0.025012601124916232	0.33371379451341987
5.401368008257008e-11	81.77512763866605	7.499808458132516e-08	-0.32838901736698967	-1.499990571993888e-07	0.3358182796280766
-9.245404997502819	81.69964646730286	-0.02392406826313361	-0.3264281405395454	0.02501260112315899	0.3337137945108748
-18.401746278782383	81.31667090643234	-0.04766064045324045	-0.3205455209784544	0.04988835800452911	0.3273447869622965
-27.3726268765812	80.28876680155587	-0.07065444730717499	-0.31094533952736697	0.07376062685608047	0.3169845749075262
-36.02752033041598	78.31345569687122	-0.09260266579058074	-0.2978906244531906	0.0962700741171482	0.3030156845568948
-44.1942352925762	75.21413300799637	-0.11327462849549698	-0.2816285818572658	0.1171980772561694	0.2858029707166125
-51.67744314905931	70.94150238784802	-0.13251280932428872	-0.2624044083130559	0.13646212045413805	0.2656956261396481
-58.286314506044384	65.54784796479822	-0.15018149190277896	-0.24044476616810734	0.1540075777971223	0.24296870807518256
-63.86233971412472	59.157854813259895	-0.1661436007227265	-0.21598184263680267	0.16975714929515848	0.21786154312410203
-68.30532644313878	51.94013242211401	-0.18026781279634216	-0.18927738391077414	0.18362161920833972	0.19062691426133066
-71.5952225313489	44.07859184403331	-0.19243790796133503	-0.16062800968282334	0.19551639951878277	0.16154809408952364
-73.80541798129644	35.745136589604385	-0.2025482112985845	-0.13035596898353125	0.2053535871792684	0.13093093437563721
-75.10293967778773	27.079426435577545	-0.21050163617650725	-0.09879815587215705	0.2130437199111683	0.09909660673679639
-75.72976467751987	18.183127273487308	-0.21623254835325129	-0.06629631564461332	0.21854855463925918	0.06637699966258907
-75.95634000540106	9.132330129752882	-0.21968532124351983	-0.03317851777139989	0.2218390747780174	0.03308584247566112
-76.00346574267498	-1.5426772576968965e-11	-0.22082975804748614	1.0000208825362874e-07	0.2229154479629704	-1.9999833267910128e-07
-75.95634000523816	-9.132330129781595	-0.21968532124374845	0.033178517769313146	0.22183907477832332	-0.0330858424566676
-75.72976467726019	-18.183127273506507	-0.2162325483547504	0.06629631564268934	0.2185485546419552	-0.06637699964112942
-75.10293967752082	-27.079426435580388	-0.21050163618896545	0.09879815587260013	0.21304371993566937	-0.09909660671825314
-73.80541798107606	-35.74513658958876	-0.20254821131410772	0.13035596898582458	0.2053535872098333	-0.1309309343594463
-71.59522253119214	-44.07859184400338	-0.19243790793864926	0.16062800967234148	0.19551639947290275	-0.16154809404678908
-68.30532644304269	-51.94013242207743	-0.18026781274716475	0.18927738388595253	0.18362161910949204	-0.190626914189214
-63.862339714077855	-59.15785481322505	-0.16614360068292466	0.2159818426118601	0.169757149215104	-0.21786154305129868
-58.28631450603411	-65.54784796477361	-0.15018149193610197	0.24044476618956923	0.15400757786337527	-0.24296870809494628
-51.67744314907309	-70.94150238784167	-0.1325128093249973	0.2624044083116726	0.13646212045523298	-0.26569562611363573
-44.194235292602684	-75.21413300801528	-0.11327462850937293	0.2816285818704507	0.11719807728367698	-0.2858029707197807
-36.02752033044631	-78.31345569692283	-0.09260266576976746	0.29789062442154846	0.09627007407534983	-0.3030156844705552
-27.372626876607537	-80.28876680164186	-0.07065444734091647	0.31094533959026405	0.07376062692345711	-0.3169845750105017
-18.40174627879898	-81.31667090653174	-0.047660640476700454	0.32054552104521983	0.049888358051392113	-0.3273447870733119
-9.245404997510363	-81.69964646739733	-0.023924068270462916	0.32642814058142594	0.025012601137794733	-0.3337137945723859
5.3956221620014776e-11	-81.7751276387512	7.499808478566411e-08	0.3283890173826431	-1.4999905760296846e-07	-0.33581827963723104
9.245404997607583	-81.69964646760565	0.023924068268548614	0.3264281405826761	-0.025012601139551116	-0.3337137945749303
18.401746278882445	-81.3166709069139	0.047660640471968066	0.3205455210375465	-0.0498883580472401	-0.32734478705805736
27.372626876683476	-80.28876680209477	0.07065444733984977	0.3109453395923452	-0.0737606269264179	-0.31698457501479294
36.0275203305136	-78.31345569732225	0.09260266577018118	0.2978906244252258	-0.09627007408100348	-0.30301568447806065
44.194235292649196	-75.21413300829438	0.11327462850324421	0.2816285818661643	-0.11719807727593577	-0.28580297071137745
51.67744314908406	-70.9415023879952	0.13251280931806805	0.2624044083076315	-0.1364621204456226	-0.2656956261057474
58.2863145059986	-65.54784796482866	0.15018149193727054	0.24044476619198657	-0.15400757786982627	-0.24296870810000276
63.862339713990366	-59.15785481321655	0.16614360067031259	0.2159818426058889	-0.16975714919403487	-0.21786154303960764
68.30532644290393	-51.940132422036285	0.18026781275136947	0.18927738388890605	-0.1836216191222637	-0.19062691419538774
71.59522253100988	-44.07859184395271	0.1924379079214922	0.16062800966685895	-0.1955163994432315	-0.1615480940360854
73.80541798086406	-35.745136589543016	0.20254821126136424	0.13035596897134694	-0.205353587109223	-0.13093093433072553
75.10293967728785	-27.07942643554517	0.21050163618624645	0.09879815587250358	-0.21304371993521878	-0.09909660671824815
75.72976467702055	-18.1831272734838	0.21623254837601652	0.06629631564584233	-0.21854855468948234	-0.06637699964756617
75.9563400049968	-9.132330129770626	0.21968532123004203	0.0331785177685358	-0.22183907475587977	-0.03308584245517933
