x1 x2 rho11 rho12 rho21 rho22
71.48910396768203	-1.1321821407102959e-11	0.22052068957970208	-1.0000590290191914e-07	-0.22307358944501335	1.999951662282025e-07
71.44447215678382	8.812243201357239	0.2193944718466596	-0.03270924982413292	-0.22203375897258887	0.03258277559754271
71.23266979839913	17.531983978569237	0.21599226605818428	-0.06543525192319477	-0.21884348064988657	0.06551574488256222
70.6516749265202	26.07610826945525	0.21033934617215472	-0.09757738125458665	-0.2134892953452197	0.09792243517695147
69.45569599489707	34.36269214864571	0.20249124962801993	-0.12882205900957192	-0.2059955967409914	0.12950942169099675
67.42624975111461	42.29342896802827	0.1925118502878864	-0.15884088436209082	-0.19639339665937783	0.15996345187644911
64.41101197853456	49.74386300065038	0.18047911648995899	-0.1873018606931837	-0.18473246343785601	0.18896677724481653
60.3360642394975	56.56678464217202	0.16649534688356904	-0.2138907706068097	-0.1710952333927349	0.21622526615721133
55.20378796258962	62.60540697619557	0.15066852470292663	-0.2383184097913996	-0.1555529703011337	0.24146753856954037
49.0842286398668	67.71260320846449	0.1331071971805359	-0.2603210151664828	-0.13815268288190888	0.2644345695312771
42.10231128857436	71.77444333627031	0.11393250548756163	-0.27966439162812995	-0.11894196858694546	0.2848819971697421
34.420528497559516	74.73731820954363	0.09325637574713955	-0.2961014230648942	-0.09792846353422771	0.3024959938567452
26.216619370655714	76.63803873459698	0.07122794660619307	-0.3093623847681874	-0.07517743194535925	0.31688626810779064
17.65806296607354	77.63285277152637	0.04807845232658646	-0.3191614936452056	-0.05090799401832512	0.32762624684151287
8.88228995544899	78.00358263909803	0.024121129372248633	-0.3251676472482727	-0.025500337208567765	0.3342184555037533
9.751434114218774e-12	78.0759605446775	7.500554815950737e-08	-0.3271726130252498	-1.4998782983972757e-07	0.33640073669344306
-8.882289955431787	78.00358263971088	-0.024121129371828906	-0.32516764724650654	0.025500337262450504	0.33421845550093643
-17.658062966091006	77.63285277236007	-0.04807845232176377	-0.3191614936313149	0.05090799407105171	0.3276262468150306
-26.2166193707146	76.63803873524957	-0.07122794660358626	-0.30936238476305206	0.07517743200782841	0.31688626809921844
-34.4205284976358	74.73731820988694	-0.09325637573482465	-0.2961014230474912	0.0979284635816722	0.3024959938238347
-42.10231128863793	71.77444333636312	-0.11393250546931583	-0.2796643916082492	0.11894196862622547	0.2848819971318919
-49.084228639897695	67.71260320841014	-0.13310719716428568	-0.2603210151521679	0.13815268292812954	0.2644345695043999
-55.203787962579305	62.60540697607806	-0.1506685246714045	-0.23831840976925026	0.1555529703188931	0.24146753852668887
-60.336064239445456	56.56678464204456	-0.1664953468435232	-0.21389077058408634	0.1710952333945685	0.2162252661128248
-64.41101197844536	49.74386300054142	-0.1804791164559221	-0.18730186067760154	0.1847324634518629	0.18896677721430488
-67.42624975099608	42.29342896794943	-0.1925118502439681	-0.1588408843460811	0.1963933966529509	0.15996345184471483
-69.45569599476262	34.36269214859826	-0.20249124960170256	-0.1288220590024054	0.20599559676855586	0.12950942167667714
-70.6516749263782	26.076108269431913	-0.21033934615531627	-0.09757738125118527	0.21348929539035796	0.09792243517000693
-71.232669798266	17.53198397856107	-0.21599226605514177	-0.06543525192288273	0.21884348072138615	0.06551574488176119
-71.44447215666605	8.812243201355573	-0.21939447181899147	-0.03270924982236766	0.22203375899399216	0.03258277559389616
-71.48910396757272	-1.1314265104964689e-11	-0.22052068954088655	-1.0000590281860044e-07	0.2230735894438218	1.9999516605092993e-07
-71.44447215683341	-8.812243201378985	-0.2193944718212235	0.03270924981717158	0.22203375899859687	-0.03258277561995514
-71.23266979853992	-17.5319839785884	-0.21599226604640784	0.06543525191632009	0.2188434807041746	-0.06551574490814151
-70.65167492666582	-26.076108269469962	-0.2103393461292815	0.09757738124041206	0.21348929533865224	-0.09792243519020585
-69.4556959949902	-34.36269214864834	-0.202491249597739	0.12882205899584617	0.2059955967610857	-0.12950942170725574
-67.4262497511365	-42.29342896800349	-0.19251185026910683	0.1588408843497229	0.19639339670374673	-0.15996345189736216
-64.41101197851407	-49.743863000589556	-0.18047911642984163	0.18730186066032142	0.18473246340025348	-0.18896677722637278
-60.336064239463866	-56.56678464207623	-0.16649534685069567	0.21389077058254852	0.17109523340945554	-0.21622526615717225
-55.20378796257014	-62.60540697608764	-0.15066852468071013	0.2383184097704123	0.15555297033799706	-0.24146753857674758
-49.08422863987606	-67.71260320839355	-0.1331071971601919	0.26032101514342126	0.13815268292036276	-0.26443456953451355
-42.10231128861324	-71.77444333631655	-0.11393250549360662	0.2796643916294489	0.11894196867514356	-0.28488199722142493
-34.420528497613894	-74.73731820980619	-0.0932563757646354	0.2961014230830881	0.09792846364154179	-0.3024959939414359
-26.216619370698723	-76.63803873513265	-0.07122794655008674	0.30936238465671906	0.07517743190099964	-0.3168862679321267
-17.658062966083012	-77.63285277222376	-0.04807845229753669	0.31916149355568124	0.050907994022699465	-0.3276262467085888
-8.882289955429286	-78.00358263957729	-0.02412112936378498	0.3251676471944779	0.025500337246409856	-0.33421845544119905
9.678247915641422e-12	-78.07596054455212	7.500554843882619e-08	0.32717261298215594	-1.499878303950876e-07	-0.3364007366513884
8.882289955446343	-78.00358263896436	0.024121129364204335	0.32516764719624386	-0.02550033719252661	-0.334218455444017
17.65806296606545	-77.63285277138999	0.048078452302358916	0.3191614935695704	-0.05090799396997261	-0.3276262467350729
26.21661937063971	-76.63803873447999	0.07122794655269418	0.3093623846618509	-0.0751774318385294	-0.3168862679406982
34.42052849753746	-74.73731820946277	0.09325637577694869	0.29610142310049065	-0.09792846359409477	-0.3024959939743441
42.102311288549544	-71.7744433362237	0.11393250551185101	0.2796643916493297	-0.11894196863586148	-0.28488199725927416
49.08422863984509	-67.7126032084478	0.133107197176443	0.26032101515773437	-0.13815268287414528	-0.26443456956138944
55.20378796258035	-62.605406976205046	0.15066852471223108	0.23831840979256283	-0.15555297032023768	-0.24146753861959827
60.336064239515736	-56.56678464220355	0.16649534689074352	0.21389077060527154	-0.17109523340762373	-0.21622526620155924
64.41101197860313	-49.74386300069848	0.18047911646388076	0.18730186067590382	-0.18473246338624896	-0.18896677725688593
67.42624975125484	-42.293428968082424	0.19251185031302548	0.15884088436573265	-0.1963933967101753	-0.15996345192909567
69.45569599512436	-34.362692148695935	0.20249124962405604	0.12882205900301205	-0.20599559673352033	-0.1295094217215744
70.65167492680771	-26.076108269493382	0.21033934614611846	0.09757738124381339	-0.21348929529351007	-0.0979224351971498
71.23266979867297	-17.531983978596596	0.21599226604944774	0.06543525191663203	-0.21884348063267078	-0.06551574490894224
71.44447215695111	-8.812243201380669	0.21939447184889166	0.03270924981893697	-0.22203375897719455	-0.03258277562360159
