x1 x2 rho11 rho12 rho21 rho22
76.75115512319495	-2.0603672030400305e-11	0.22088442821532142	-9.99988305017611e-08	-0.2228922005448785	1.9999911653588293e-07
76.70350436474902	9.18256868941915	0.21973719245458645	-0.03325497737799113	-0.2218102738667801	0.03316762074083443
76.47392701569625	18.28537315436488	0.21627242359894613	-0.06643569830932242	-0.21849610668273234	0.06651531515255511
75.83798851511806	27.237187318622787	0.210528806779399	-0.0989951286628771	-0.21296709939977868	0.09928424730871892
74.52065189033458	35.962999727771404	0.2025577155774023	-0.1306023777265722	-0.20524449830741556	0.13115655303410773
72.2759475009681	44.360635668995556	0.19243213932843622	-0.16091611025705077	-0.19538181341524274	0.1618023844974218
68.93502940513638	52.287931039248576	0.1802367981432	-0.18959361719716183	-0.18344389488041996	0.1908896450281618
64.42591237537609	59.56911749696716	0.16608767861559706	-0.21631470778673975	-0.16953892624132982	0.21811679318318683
58.773041743371714	66.01637966341923	0.15010452093335688	-0.2407836859900961	-0.15375795309649812	0.24320237449503468
52.08241302455388	71.45816591521452	0.13242419404211953	-0.2627423058297309	-0.13620076959596447	0.2659006952515484
44.517911700335645	75.76801495395513	0.1131748475006838	-0.2819494208952395	-0.11692656894290675	0.2859548041801843
36.27428729115868	78.89304071327464	0.09249985908528709	-0.2981820963184998	-0.09600530712565714	0.30309726094350303
27.549047381842747	80.88347514627169	0.0705630818917536	-0.3112040222317139	-0.07353229869315109	0.31699602212798705
18.51471674087024	81.91858719717747	0.04759501278665208	-0.32077662161483694	-0.04972594538179167	0.3273015289598363
9.30041417943335	82.30429605735411	0.023890938700007473	-0.3266267346868152	-0.02493047636327597	0.3336078440259778
5.22967549253828e-11	82.38043603044954	7.499783274045043e-08	-0.32858033837647577	-1.4999960119044342e-07	0.3356989450712324
-9.300414179346088	82.30429605705807	-0.023890938702333397	-0.32662673468842757	0.024930476359829857	0.3336078440291302
-18.5147167407898	81.91858719667312	-0.04759501279135715	-0.32077662162266424	0.049725945383010506	0.3273015289753423
-27.54904738176215	80.8834751457372	-0.07056308189543185	-0.3112040222348178	0.07353229869229251	0.31699602213399336
-36.27428729108439	78.89304071284796	-0.09249985909087069	-0.2981820963234126	0.09600530712869403	0.30309726095308676
-44.51791170028378	75.76801495368224	-0.11317484750689905	-0.28194942089973224	0.11692656894736861	0.28595480418890934
-52.08241302454002	71.45816591507982	-0.13242419404094427	-0.26274230582680197	0.1362007695857972	0.26590069524541876
-58.773041743406615	66.01637966338421	-0.15010452093973745	-0.24078368599307653	0.15375795310148876	0.24320237450070661
-64.42591237546506	59.569117496992305	-0.1660876786181779	-0.2163147077870153	0.1695389262386147	0.21811679318343974
-68.93502940527858	52.28793103930158	-0.18023679814209786	-0.18959361719567996	0.1834438948701001	0.1908896450249041
-72.27594750115674	44.360635669053785	-0.19243213931930006	-0.16091611025286764	0.19538181338857272	0.1618023844887817
-74.52065189055651	35.962999727821334	-0.20255771554693686	-0.1306023777173869	0.20524449823787624	0.13115655301550347
-75.83798851535865	27.237187318659156	-0.21052880681602276	-0.09899512867003347	0.212967099464347	0.09928424732285032
-76.47392701594514	18.285373154387567	-0.21627242357691684	-0.06643569830606416	0.21849610663003008	0.06651531514591677
-76.70350436499719	9.182568689429786	-0.21973719244300052	-0.03325497737708549	0.22181027383502366	0.033167620738961935
-76.75115512344159	-2.0601183680835e-11	-0.2208844282148621	-9.999883056169329e-08	0.22289220053539932	1.999991166414225e-07
-76.70350436490443	-9.182568689468981	-0.2197371924428652	0.033254977374445	0.22181027383465945	-0.033167620728895245
-76.47392701580368	-18.285373154418902	-0.21627242358248405	0.06643569830416202	0.21849610664097183	-0.06651531513566887
-75.8379885152198	-27.23718731867852	-0.21052880681941744	0.09899512866806473	0.21296709947087325	-0.09928424731142133
-74.52065189044349	-35.96299972782687	-0.20255771552619434	0.13060237770882002	0.20524449819609206	-0.13115655299013862
-72.27594750107723	-44.3606356690466	-0.19243213933768044	0.16091611025698901	0.19538181342502417	-0.16180238448827453
-68.93502940523231	-52.28793103928524	-0.18023679809762372	0.18959361717244386	0.18344389478085982	-0.19088964496931815
-64.42591237544637	-59.569117496971515	-0.16608767867542926	0.2163147078172177	0.16953892635285728	-0.2181167932344957
-58.77304174340905	-66.0163796633649	-0.15010452090932092	0.24078368596903701	0.15375795304043247	-0.24320237444313583
-52.082413024554896	-71.45816591506602	-0.13242419407668893	0.2627423058554404	0.136200769657107	-0.2659006952931279
-44.5179117003044	-75.76801495367859	-0.1131748475254884	0.28194942091757513	0.116926568984415	-0.28595480421500824
-36.2742872911051	-78.89304071285756	-0.0924998591014708	0.29818209633559073	0.09600530714980418	-0.3030972609678821
-27.54904738177937	-80.88347514576331	-0.07056308187088142	0.31120402218485876	0.07353229864313944	-0.3169960220245873
-18.514716740800566	-81.91858719670503	-0.047595012801845436	0.3207766216509361	0.04972594540396155	-0.3273015290225345
-9.30041417935097	-82.30429605708592	-0.02389093869443652	0.32662673463871394	0.024930476344027244	-0.33360784392048837
5.2243858916876733e-11	-82.38043603047059	7.499783297331671e-08	0.3285803383678987	-1.4999960165069786e-07	-0.33569894504491443
9.300414179438123	-82.30429605738192	0.023890938692110147	0.32662673463709985	-0.02493047634747265	-0.3336078439173371
18.514716740880882	-81.91858719720936	0.047595012797139825	0.3207766216431076	-0.04972594540274208	-0.3273015290070287
27.549047381859843	-80.88347514629774	0.07056308186720375	0.3112040221817519	-0.07353229864399768	-0.31699602201858146
36.27428729117921	-78.89304071328434	0.09249985909588734	0.2981820963306807	-0.09600530714676829	-0.3030972609583001
44.51791170035613	-75.76801495395148	0.11317484751927208	0.2819494209130827	-0.1169265689799511	-0.28595480420628133
52.08241302456866	-71.45816591520055	0.1324241940778641	0.2627423058583673	-0.1362007696672745	-0.2659006952992554
58.77304174337413	-66.01637966339982	0.15010452090293963	0.24078368596605737	-0.1537579530354419	-0.24320237443746318
64.42591237535738	-59.56911749694638	0.16608767867284963	0.21631470781694218	-0.16953892635557255	-0.21811679323424268
68.93502940509012	-52.28793103923231	0.1802367980987254	0.18959361717392495	-0.18344389479117798	-0.19088964497257552
72.27594750088846	-44.360635668988365	0.19243213934681583	0.16091611026117178	-0.1953818134516937	-0.16180238449691345
74.52065189022143	-35.9629997277769	0.2025577155566603	0.13060237771800487	-0.2052444982656324	-0.13115655300874232
75.83798851497909	-27.237187318642174	0.2105288067827933	0.09899512866090882	-0.21296709940630437	-0.09928424729728996
76.4739270155547	-18.28537315439623	0.21627242360451446	0.06643569830742042	-0.2184961066936765	-0.06651531514230777
76.70350436465621	-9.182568689458357	0.21973719245445053	0.033254977375350776	-0.22181027386641633	-0.033167620730767546
