x1 x2 rho11 rho12 rho21 rho22
52.163331345812956	-4.0444793829867953e-10	0.21945428353741733	-1.0005733761689538e-07	-0.22360943579345915	1.999691461584612e-07
52.12507136769149	7.261876662510265	0.21840563776735958	-0.030682412675264104	-0.22273126216366995	0.03037207501733439
51.95385458057392	14.390754204031246	0.215214638080201	-0.061663298520048294	-0.21997858496128533	0.06163685817291502
51.50473752820926	21.270280443727124	0.20990348360934116	-0.09215682002657945	-0.2153184027343221	0.09252981931653133
50.61238765443444	27.80424146064372	0.20251887066832056	-0.1219022416091187	-0.20873835194439172	0.12283733328072757
49.14612249866568	33.91198939258532	0.1931135900451438	-0.15063540314736132	-0.20022763300034715	0.15233355238280885
47.029138920590235	39.5262981805911	0.18173492859762683	-0.17809864973422446	-0.1897604013360924	0.18079165172308584
44.22928960126074	44.59289180906155	0.16843190424962243	-0.20405513673369166	-0.17730871688109723	0.20800259113571576
40.73966555221479	49.065712795694076	0.15323792788971535	-0.22828117564647787	-0.16280275742299222	0.2337584411902028
36.56496160083147	52.89742263753485	0.1361681251469493	-0.25054088821446574	-0.14611882150934383	0.2578117119315645
31.721374247715445	56.03254402633583	0.11725600632394331	-0.27057553401781026	-0.12714614353758086	0.27986796105070744
26.247849265127066	58.41448539671136	0.09651954973455183	-0.2880238813938955	-0.1057157113665584	0.2994357471132785
20.218372405365805	60.01539715210523	0.07407014056219988	-0.3024533733656547	-0.08182082047366704	0.3158950218961994
13.742911578474148	60.88845084620927	0.05013707657493293	-0.3133337482271102	-0.055674822642604115	0.32845623413659836
6.9543874412699065	61.21764570649697	0.025115238046578413	-0.3200889654479701	-0.027818100543346474	0.33626802852767634
2.983275302673975e-10	61.27925800166993	7.497773901711273e-08	-0.3223421582427764	-1.499969107645951e-07	0.33884084825921534
-6.954387440722976	61.21764570563366	-0.02511523806168125	-0.32008896545473403	0.027818100484252258	0.3362680285401528
-13.74291157802406	60.88845084485317	-0.05013707659021967	-0.3133337482305811	0.055674822576118346	0.3284562341415745
-20.21837240502808	60.0153971506776	-0.0740701405870792	-0.3024533733840205	0.08182082041983571	0.31589502193031443
-26.24784926491349	58.41448539546546	-0.09651954976778562	-0.2880238814176058	0.10571571132348509	0.2994357471576681
-31.72137424764275	56.03254402537396	-0.11725600636356437	-0.27057553404265683	0.12714614350218467	0.27986796109721246
-36.56496160091985	52.89742263687208	-0.1361681251798642	-0.25054088822833886	0.1461188214567048	0.25781171195616054
-40.73966555248169	49.06571279529764	-0.15323792794952165	-0.22828117567533276	0.1628027574219547	0.23375844124499193
-44.22928960171471	44.59289180887478	-0.1684319043206356	-0.20405513676350118	0.1773087169020984	0.2080025911927915
-47.02913892122296	39.526298180547606	-0.18173492867728686	-0.1780986497622113	0.18976040137569983	0.180791651776996
-49.14612249945076	33.91198939262255	-0.19311359006846732	-0.15063540315012863	0.20022763292989088	0.15233355238678659
-50.61238765533243	27.804241460713083	-0.2025188706794389	-0.12190224160867856	0.20873835185286804	0.12283733327876294
-51.504737529171706	21.270280443796416	-0.20990348363494507	-0.09215682002867394	0.21531840267522587	0.09252981932003622
-51.95385458155715	14.390754204083304	-0.21521463815380265	-0.06166329852756006	0.21997858500114317	0.06163685818755753
-52.1250713686757	7.261876662537829	-0.21840563784760056	-0.030682412679332794	0.2227312622187703	0.03037207502530587
-52.16333134680285	-4.0443637713819264e-10	-0.2194542835302308	-1.0005733774069503e-07	0.22360943567438785	1.9996914640141808e-07
-52.12507136935797	-7.2618766633190655	-0.21840563784570383	0.03068241258503432	0.22273126221543751	-0.030372075131667987
-51.95385458277743	-14.39075420478786	-0.2152146381417607	0.0616632984298729	0.21997858497795075	-0.06163685829492109
-51.50473753070369	-21.2702804444005	-0.2099034836691912	0.09215681993606821	0.21531840274502925	-0.09252981944820002
-50.61238765696422	-27.804241461206484	-0.20251887067987429	0.12190224150608973	0.20873835185544615	-0.12283733339952879
-49.14612250102105	-33.91198939299329	-0.19311359005885825	0.15063540304010922	0.20022763291273066	-0.15233355250551056
-47.02913892262339	-39.526298180773736	-0.18173492881940564	0.17809864971368322	0.18976040166228728	-0.18079165202977357
-44.229289602889295	-44.59289180892903	-0.16843190428069887	0.2040551366297062	0.17730871682474592	-0.20800259128250262
-40.73966555340464	-49.065712795145885	-0.1532379279509125	0.2282811755640521	0.16280275742728176	-0.2337584413822923
-36.564961601593296	-52.89742263647881	-0.13616812516107113	0.2505408881023749	0.14611882142154084	-0.2578117120614067
-31.721374248093504	-56.032544024713175	-0.1172560062127544	0.2705755337849649	0.127146143202726	-0.27986796093176014
-26.247849265190265	-58.41448539454111	-0.09651954979946027	0.2880238813516474	0.10571571138862783	-0.29943574736540474
-20.218372405184144	-60.015397149528155	-0.07407014062618666	0.30245337334980865	0.08182082049942442	-0.3158950221901332
-13.742911578104561	-60.88845084355272	-0.0501370765626608	0.3133337480562888	0.0556748225219274	-0.32845623411086927
-6.954387440757053	-61.217645704288934	-0.02511523803863236	0.320088965234849	0.0278181004386222	-0.33626802841101966
2.982504171591329e-10	-61.279258000340064	7.497773836798529e-08	0.3223421581001209	-1.4999690949529815e-07	-0.33884084828194627
6.9543874413038385	-61.21764570515217	0.025115238023528923	0.3200889652280847	-0.027818100497715846	-0.33626802839854425
13.742911578554539	-60.88845084490876	0.050137076547373684	0.31333374805281583	-0.05567482258841243	-0.32845623410589336
20.21837240552175	-60.015397150955735	0.07407014060130765	0.30245337333143707	-0.08182082055325475	-0.3158950221560177
26.247849265403758	-58.41448539578695	0.0965195497662271	0.288023881327943	-0.10571571143170243	-0.2994357473210182
31.721374248166082	-56.03254402567503	0.11725600617313242	0.2705755337601152	-0.1271461432381224	-0.2798679608852568
36.56496160150481	-52.897422637141524	0.13616812512815826	0.25054088808850267	-0.14611882147418453	-0.2578117120368065
40.739665553137634	-49.0657127955423	0.15323792789110605	0.2282811755351999	-0.1628027574283226	-0.2337584413275031
44.229289602435216	-44.59289180911574	0.16843190420968626	0.20405513659989558	-0.1773087168037409	-0.2080025912254249
47.02913892199054	-39.526298180817165	0.18173492873974864	0.1780986496856959	-0.189760401622682	-0.18079165197586552
49.14612250023586	-33.911989392956066	0.19311359003553477	0.15063540303734094	-0.20022763298318863	-0.15233355250153224
50.61238765606617	-27.80424146113713	0.20251887066875707	0.12190224150653037	-0.20873835194697163	-0.12283733340149286
51.50473752974122	-21.270280444331195	0.2099034836435898	0.09215681993397441	-0.215318402804131	-0.09252981944469633
51.953854581794154	-14.390754204735792	0.21521463806815536	0.06166329842236048	-0.21997858493808667	-0.06163685828027846
52.12507136837375	-7.261876663291526	0.21840563776546168	0.030682412580965678	-0.22273126216033687	-0.03037207512369608
