x1 x2 rho11 rho12 rho13 rho14rho21 rho22rho23 rho24
91.14723040989392	-0.04254296251549628	0.0	-9.569580100172358e-05	-0.007555006038388294	0.2623329558339564	0.0	-7.081351765618575e-05	-0.005325342248731038	-0.26277646553656586
90.4152992588624	9.310547708803545	0.0	-6.625691086109531e-06	-0.04523446106050068	0.2567065914678787	0.0	1.7567410938008546e-05	-0.031971105388278936	-0.26679783471792085
88.46016050989002	18.511473262742516	0.0	0.0	-0.10128218276630123	0.22870573647835593	0.0	0.0	0.0175776210025682	-0.23998076865820328
85.22878987239471	27.381663024472505	0.0	0.0	-0.1594659719245928	0.19328523126991223	0.0	0.0	0.08184533772246691	-0.20360029742625685
81.3783494173858	36.027024944406335	0.0	0.0	-0.21574761458377778	0.15579218277682216	0.0	0.0	0.14390236599064574	-0.1650434111998746
77.05604340215383	44.4416862772353	0.0	0.0	-0.2693618386631959	0.11614029826622768	0.0	0.0	0.20276420152908892	-0.12402984547718303
72.26498760455618	52.56467457551183	0.0	0.0	-0.3201633257422635	0.07496155642076244	0.0	0.0	0.2586791856031818	-0.08129396366302423
66.86017390870103	60.24115849297896	0.0	0.0	-0.3676502739766342	0.03234873957857148	0.0	0.0	0.3110582308752587	-0.03680369348151481
60.17968004138454	66.81008801522933	0.3672809142288986	0.0	0.0	-0.032118360250419795	-0.3099554093229717	0.0	0.0	0.038487936292817077
52.52272382669097	72.25544098454763	0.31982870342073544	0.0	0.0	-0.07470474602615763	-0.25753260870602795	0.0	0.0	0.0828890689077352
44.43361894821843	77.11751997102395	0.2690586286988833	0.0	0.0	-0.11587763003733803	-0.2015828663324762	0.0	0.0	0.1255452916263498
36.05672155691258	81.52063231263516	0.21541960991540648	0.0	0.0	-0.15548587503832353	-0.14258231648540867	0.0	0.0	0.1663913583922411
27.449896774941443	85.45119159632007	0.1590968160480976	0.0	0.0	-0.19294241963625522	-0.08036448866104838	0.0	0.0	0.20473793594614537
18.61180536262095	88.74315076102503	0.10095095279138071	0.0	0.0	-0.2284957336245104	-0.016112990576170164	0.0	0.0	0.24106044989736963
9.403081074010219	90.60385448609165	0.04524454064968139	-4.679057347147379e-05	0.0	-0.2563216297249135	0.031997684925700196	2.1466037981141338e-05	0.0	0.2670623284841137
0.04253145026683181	91.14725418716817	-0.00756832390679686	0.26232344062437507	0.0	0.0001256790106489461	-0.005296749443841126	-0.26276368065179667	0.0	2.791421059939295e-05
-9.310598039043429	90.4181844179321	-0.04522978982620308	0.2566991651050998	0.0	6.63264445351164e-06	-0.03198019219257237	-0.2667871750001058	0.0	-1.7584605697310998e-05
-18.511376550431024	88.46189226737619	-0.10128272333646107	0.22870680143107833	0.0	0.0	0.017579337945727205	-0.2399821315012289	0.0	0.0
-27.381464795995342	85.2301338678497	-0.15946509601832046	0.1932842714529708	0.0	0.0	0.08184407227462127	-0.203598796413681	0.0	0.0
-36.02672598034164	81.37940070653232	-0.215747823172623	0.1557926347712583	0.0	0.0	0.14390335072271884	-0.1650439098034724	0.0	0.0
-44.44127220754794	77.05686998055283	-0.26936195575855487	0.11614060947755174	0.0	0.0	0.20276498710219729	-0.12403014301193906	0.0	0.0
-52.564120486714664	72.26563177284288	-0.3201630896577891	0.07496148894763821	0.0	0.0	0.2586792300870325	-0.08129372119304644	0.0	0.0
-60.240432343803576	66.86066156918785	-0.3676503489763919	0.03234896395404065	0.0	0.0	0.31105892494092163	-0.0368038588651887	0.0	0.0
-66.80913090782967	60.18003257147161	0.0	-0.03211739498176484	-0.36727986750727354	0.0	0.0	0.0384867240657484	0.30995312231758676	0.0
-72.25420618601403	52.52296732424374	0.0	-0.07470328937215943	-0.3198272592975881	0.0	0.0	0.082887163845814	0.25752952605138646	0.0
-77.1159903775197	44.43377022467147	0.0	-0.11587585936751497	-0.26905702714281887	0.0	0.0	0.12554294465992127	0.20157948800748238	0.0
-81.51880145234331	36.05679368810135	0.0	-0.1554858376347671	-0.2154195651364665	0.0	0.0	0.16639147025876216	0.14258221493101325	0.0
-85.44906170227314	27.44989771406324	0.0	-0.19294424520156805	-0.15909814715866916	0.0	0.0	0.2047406876070581	0.0803672884774118	0.0
-88.74077359053068	18.61173801042742	0.0	-0.22849358312137538	-0.10094949214932396	0.0	0.0	0.2410575694666196	0.016109993261207666	0.0
-90.60167793319857	9.403041978495756	0.0	-0.2563193350702686	-0.045243094353705035	4.677132822132442e-05	0.0	0.2670592358602832	-0.032000614427440795	-2.1458186461788396e-05
-91.15175209431996	0.04238424824072219	0.0	0.00012639319416958133	0.0075443546734777385	-0.2623476827205222	0.0	2.728201717831672e-05	0.005347070880243837	0.26279653872545267
-90.41603833456661	-9.31066691149182	0.0	6.640058564012754e-06	0.04522839335588588	-0.25669702603612626	0.0	-1.7583106589356655e-05	0.03198310210923394	0.26678397384996533
-88.46000821003335	-18.511486033523514	0.0	0.0	0.10128139262138958	-0.2287050146562323	0.0	0.0	-0.01757664384948658	0.2399794221767144
-85.22818967999268	-27.38161781757129	0.0	0.0	0.1594665941291901	-0.19328652033747518	0.0	0.0	-0.0818473403789437	0.20360178868797976
-81.37762853408925	-36.02697624513753	0.0	0.0	0.21574676012973157	-0.15579157618996733	0.0	0.0	-0.14390130883802915	0.16504220809336287
-77.0553528959834	-44.441649251277745	0.0	0.0	0.2693606411575072	-0.11613939275560957	0.0	0.0	-0.20276244096773563	0.12402821195783878
-72.26439763072923	-52.56465153519432	0.0	0.0	0.32016219807569457	-0.07496082625738211	0.0	0.0	-0.25867758179902817	0.08129257099838504
-66.85970658057346	-60.24114967809372	0.0	0.0	0.36765040315603753	-0.03234923363257325	0.0	0.0	-0.31105925998269335	0.03680402791438445
-60.17931540917828	-66.81008967649811	-0.36728013536286735	0.0	0.0	0.03211752949119907	0.3099538718492624	0.0	0.0	-0.038487126574930794
-52.52243836305489	-72.25544476582732	-0.31982809877804796	0.0	0.0	0.07470401692211252	0.25753143139890977	0.0	0.0	-0.08288840109630422
-44.433397997362924	-77.11752201223706	-0.26905821694262155	0.0	0.0	0.1158770541358707	0.20158209161479498	0.0	0.0	-0.12554483770675395
-36.056552211827665	-81.52062964157551	-0.21541957285066826	0.0	0.0	0.1554857144098145	0.1425823195052971	0.0	0.0	-0.1663914919009426
-27.449767002910004	-85.45118035819543	-0.15909691023384367	0.0	0.0	0.19294243531048352	0.08036476415554983	0.0	0.0	-0.20473831812840254
-18.61170502730777	-88.74311920724553	-0.10095082433600946	0.0	0.0	0.22849543433268713	0.016112800128162106	0.0	0.0	-0.2410603860001494
-9.402994779030067	-90.60361806535727	-0.04524452821393803	4.678145499688363e-05	0.0	0.2563215184887526	-0.0319976327154852	-2.148086165998899e-05	0.0	-0.2670625010209916
-0.04245503454983453	-91.14710619707043	0.007575083394443861	-0.26233471847628614	0.0	-0.0001257035773924491	0.00528277927070571	0.26277949291808983	0.0	-2.8013112733415503e-05
9.3106476158559	-90.41767319372262	0.0452503498613512	-0.2567331045289035	0.0	-6.649056512459893e-06	0.03193732621104666	0.266834989475316	0.0	1.7598940716501987e-05
18.51148832372709	-88.46186568031091	0.10128282558625282	-0.22870702594113682	0.0	0.0	-0.0175794661471091	0.23998218695683704	0.0	0.0
27.381600064125678	-85.23012174710293	0.15946497546005647	-0.19328418279129125	0.0	0.0	-0.08184373041164453	0.20359841156463615	0.0	0.0
36.02689867508342	-81.3793963783421	0.21574801922798179	-0.15579294964636775	0.0	0.0	-0.1439036649264416	0.16504409913384818	0.0	0.0
44.4414939733398	-77.05687006705598	0.2693623697030191	-0.11614114498103245	0.0	0.0	-0.2027657509415654	0.1240306472018696	0.0	0.0
52.564404696159144	-72.26563297763303	0.3201636221363715	-0.07496210080557097	0.0	0.0	-0.2586802408685057	0.08129433455502257	0.0	0.0
60.240794444261745	-66.86066522773139	0.3676500933348095	-0.032348815982233554	0.0	0.0	-0.3110582850478167	0.03680339787376543	0.0	0.0
66.80959806433243	-60.18004809921718	0.0	0.032118042916953304	0.3672805377205682	0.0	0.0	-0.038487890842662374	-0.30995519168012414	0.0
72.25479432042134	-52.52299635882753	0.0	0.07470412644274513	0.31982803800303444	0.0	0.0	-0.08288859593716187	-0.2575318031332645	0.0
77.11668790364851	-44.43381312619231	0.0	0.1158767599342944	0.2690577766212662	0.0	0.0	-0.12554446355148638	-0.2015816934716596	0.0
81.5195775877015	-36.05685164342931	0.0	0.1554857010037334	0.21541938227764035	0.0	0.0	-0.16639151745355377	-0.1425824664625207	0.0
85.44986881653274	-27.449972753750394	0.0	0.19294316873339895	0.15909726925047948	0.0	0.0	-0.2047394033406072	-0.08036608088650057	0.0
88.74151310228999	-18.611840822296607	0.0	0.22849436989538188	0.10094992644800403	0.0	0.0	-0.24105892500543943	-0.016111517681419964	0.0
90.58905946843338	-9.401502748953387	0.0	0.25631098399215696	0.04528415015396373	-1.7223706377142865e-05	0.0	-0.2670467993212823	0.031849551434518245	-2.0710112450387337e-05
