x1 x2 rho11 rho12 rho13 rho14rho21 rho22rho23 rho24
88.05217890022666	-0.04888651401034785	0.0	-0.00010623664639065791	-0.009414899224242273	0.26233296293070574	0.0	-0.00012616020366661035	-0.006636359267110176	-0.26281910186938
87.44249077020564	9.014135082272778	0.0	-3.4290079581126003e-06	-0.046873624179087546	0.2567559532770156	0.0	2.9870145961665806e-05	-0.0331168170061443	-0.2667719454969582
85.80982900317684	17.959555394539734	0.0	0.0	-0.09818654023210847	0.2355875914935558	0.0	0.0	-0.007026730299643131	-0.24942527466716474
82.67551058283838	26.52085439347153	0.0	0.0	-0.15786786505831008	0.19988606046166796	0.0	0.0	0.060593556213838905	-0.2125554884778651
78.88537350623454	34.84260935156831	0.0	0.0	-0.21529576156753072	0.16166152326675365	0.0	0.0	0.12517682221665546	-0.1728884474899066
74.60766885497429	42.93233452682955	0.0	0.0	-0.2702974201955396	0.12151724891577377	0.0	0.0	0.18698894595179782	-0.13111348717579574
69.85872216370159	50.73664948406027	0.0	0.0	-0.32238834196424077	0.07957403628270111	0.0	0.0	0.2455641242420529	-0.0872395092283882
64.52424139953585	58.11536284370872	0.0	0.0	-0.37133195890546405	0.03609605230803137	0.0	0.0	0.30083355226785224	-0.0414781966672087
58.05730473852119	64.50304048557446	0.37092519421514947	0.0	0.0	-0.035552320228071664	-0.2994734157834239	0.0	0.0	0.043994847318139664
50.704446405449474	69.8813542943174	0.321884277050791	0.0	0.0	-0.07884590314448775	-0.24381550751499442	0.0	0.0	0.08941895651608472
42.938018379029415	74.69935013681649	0.2699054838641622	0.0	0.0	-0.12084448765430979	-0.18531605288826844	0.0	0.0	0.13326595305491026
34.889050978710245	79.05576169806059	0.2149090895887648	0.0	0.0	-0.16097070058412993	-0.1233784042533412	0.0	0.0	0.1748578390408747
26.60819520479958	82.92832431810359	0.15745259368016237	0.0	0.0	-0.19918385034793515	-0.05861880211796309	0.0	0.0	0.21426912857781374
18.081352509918595	86.1353305064458	0.09776777777923891	0.0	0.0	-0.23499604621849818	0.009104660268276306	0.0	0.0	0.2509161229718689
9.1188518004122	87.62319937374315	0.04700306839405363	-3.402860279382375e-05	0.0	-0.256155311056061	0.03314840291098442	-5.6270152951793634e-05	0.0	0.2671600641131946
0.04895585082211041	88.0511423576717	-0.009436525770993784	0.26233736711900574	0.0	0.00013615820785934567	-0.006590462609862968	-0.262826014197306	0.0	8.326505648811042e-05
-9.01273668392762	87.433603384016	-0.04690440570302637	0.2567311396397484	0.0	-2.67970467401217e-05	-0.032987169496969164	-0.266736938779103	0.0	1.2859344901111957e-05
-17.959414191408925	85.81135997043643	-0.09818718290214172	0.23558891854969607	0.0	0.0	-0.0070246250955841045	-0.24942697665448452	0.0	0.0
-26.52061022650465	82.67690400586302	-0.1578668562652487	0.1998849563095036	0.0	0.0	0.06059217424315205	-0.21255375566680368	0.0	0.0
-34.84223573013093	78.88658643488849	-0.21529560956374502	0.16166158677318934	0.0	0.0	0.12517720623868214	-0.17288837092344314	0.0	0.0
-42.931813604241434	74.60867339510128	-0.27029733818717633	0.12151738700209748	0.0	0.0	0.18698946401486136	-0.13111351522902412	0.0	0.0
-50.735964766618864	69.8595110451323	-0.3223882705591029	0.07957417713416122	0.0	0.0	0.2455646584688374	-0.08723953695988153	0.0	0.0
-58.114495147866684	64.52482680454695	-0.37133088153298865	0.03609526660596997	0.0	0.0	0.30083198715051196	-0.041476905123731735	0.0	0.0
-64.50195912468756	58.05772482820045	0.0	-0.0355522683155083	-0.3709251682962631	0.0	0.0	0.043994954326235285	0.29947319511036913	0.0
-69.88004259036087	50.70473858766998	0.0	-0.07884547396603447	-0.3218838717207211	0.0	0.0	0.0894185323324873	0.24381453441730194	0.0
-74.69781147152457	42.938199486685136	0.0	-0.1208423389329883	-0.2699035824703806	0.0	0.0	0.13326309568514766	0.18531199672067297	0.0
-79.05401923411608	34.88912776979201	0.0	-0.16096896970069907	-0.21490769615499758	0.0	0.0	0.17485557640972665	0.1233754379813054	0.0
-82.92643608276998	26.60816845833084	0.0	-0.19918641318962227	-0.1574544393203678	0.0	0.0	0.21427294651886142	0.0586226273099806	0.0
-86.13340253080582	18.08124025840179	0.0	-0.23499397886566073	-0.09776642102626044	0.0	0.0	0.25091338160677157	-0.009107488370733885	0.0
-87.62149497217278	9.118699617163395	0.0	-0.25615695163418595	-0.04700404222660823	3.398235747576001e-05	0.0	0.26716257127273974	-0.0331463177096563	5.625258438245456e-05
-88.05622884530258	0.04865413299711284	0.0	0.0001368861782137711	0.009390098900594262	-0.2623245470306219	0.0	8.263400554359158e-05	0.006687583262495491	0.26280626947117713
-87.44352351752975	-9.014300754691678	0.0	3.381608714361252e-06	0.046870846114609954	-0.25675217390178556	0.0	-2.98160265059048e-05	0.033122088829835084	0.266766124331026
-85.81030402147951	-17.95967353967943	0.0	0.0	0.09818584720481825	-0.23558713945159224	0.0	0.0	0.007027290402815424	0.24942419048464184
-82.6756219326083	-26.52091915349912	0.0	0.0	0.1578682367579149	-0.19988716448486094	0.0	0.0	-0.06059524994154915	0.21255660147722857
-78.88526946971466	-34.84263594889741	0.0	0.0	0.21529541249267298	-0.16166166152786074	0.0	0.0	-0.12517703900730792	0.17288818404624762
-74.60742148923835	-42.932327833771694	0.0	0.0	0.2702967030746755	-0.12151699639972706	0.0	0.0	-0.1869884143966167	0.13111266154450857
-69.85838446636897	-50.7366150710179	0.0	0.0	0.3223885524906962	-0.07957478143057925	0.0	0.0	-0.24556555075108974	0.08724008585481924
-64.52386536766218	-58.11530899540572	0.0	0.0	0.3713303794536599	-0.036095119279547776	0.0	0.0	-0.30083126256536996	0.04147638528508261
-58.05694615443448	-64.50298716481466	-0.37092513696557283	0.0	0.0	0.035552087696147254	0.2994733802579818	0.0	0.0	-0.04399501273436501
-50.70412622041118	-69.88130411193981	-0.32188404590179914	0.0	0.0	0.07884549278016956	0.24381510609098295	0.0	0.0	-0.08941886957056629
-42.937742447785595	-74.69929337329515	-0.26990482477445366	0.0	0.0	0.12084357179347564	0.18531476146860767	0.0	0.0	-0.13326514724318
-34.88881769837919	-79.05568381520824	-0.2149087240740164	0.0	0.0	0.16097007644728226	0.12337772058936516	0.0	0.0	-0.1748574469862496
-26.60799552372487	-82.92820475793111	-0.15745289726114733	0.0	0.0	0.19918410496609998	0.05861951396515037	0.0	0.0	-0.21426998113386198
-18.08117002312869	-86.13513892063216	-0.09776752631121569	0.0	0.0	0.23499549966945502	-0.009105106653508587	0.0	0.0	-0.2509158414684666
-9.118680222966644	-87.62294402050428	-0.047003020450855866	3.399185659557879e-05	0.0	0.25615512000917345	-0.03314842341010113	5.622757694489542e-05	0.0	-0.26716018766962785
-0.04878959501783775	-88.05141665837594	0.009434355721293655	-0.2623337808060284	0.0	-0.00013626510865159792	0.006594923917804571	0.2628207359237352	0.0	-8.331068741534215e-05
9.014152396498858	-87.44345054308549	0.04686392366802076	-0.2567406437844819	0.0	-3.394805152464525e-06	0.03313663019547399	0.2667496581437777	0.0	2.9824849457675178e-05
17.95961205720027	-85.81141840114755	0.09818739748829475	-0.23558935979070908	0.0	0.0	0.007024264962688445	0.24942721708384866	0.0	0.0
26.52082267737027	-82.67695418481422	0.1578665970118906	-0.19988471285120715	0.0	0.0	-0.06059153907327871	0.21255303162643926	0.0	0.0
34.84248212435394	-78.8866247007194	0.21529567785692938	-0.16166178682920135	0.0	0.0	-0.12517725029891696	0.17288827795483303	0.0	0.0
42.932104104867754	-74.60870985862813	0.2702976555386266	-0.12151786122032032	0.0	0.0	-0.18699002144126187	0.13111381404684105	0.0	0.0
50.73630574972077	-69.85955155703753	0.32238790718396354	-0.07957392627235108	0.0	0.0	-0.24556379738951653	0.08723880896630694	0.0	0.0
58.11488927687212	-64.52487771771806	0.37133207037399524	-0.036096474662141276	0.0	0.0	-0.30083435901857064	0.041478245490541014	0.0	0.0
64.50240401383907	-58.05778968216534	0.0	0.03555208941592006	0.37092490723385635	0.0	0.0	-0.04399506988465335	-0.2994735609781146	0.0
69.88051285794396	-50.70481145950245	0.0	0.07884553354719084	0.321883848931063	0.0	0.0	-0.08941898445523817	-0.24381537720230423	0.0
74.6982725881435	-42.93828034683769	0.0	0.1208432533577692	0.26990429854364634	0.0	0.0	-0.13326475653566855	-0.1853143741042404	0.0
79.05443154945588	-34.88921831454174	0.0	0.16096951398770815	0.21490802330624226	0.0	0.0	-0.17485671242428658	-0.12337700073252454	0.0
82.92675531496644	-26.608270976097963	0.0	0.19918525591671854	0.15745347646085303	0.0	0.0	-0.21427167405026784	-0.05862149498542072	0.0
86.1335841375853	-18.081361585468446	0.0	0.23499431157485234	0.0977664971457649	0.0	0.0	-0.2509142209817337	0.00910645529488014	0.0
87.62065756884012	-9.118793812108576	0.0	0.2561527716156647	0.04700129607475467	-3.40074509954953e-05	0.0	-0.2671569407108678	0.03315119431569273	-5.629238485468999e-05
