x1 x2 rho11 rho12 rho13 rho14rho21 rho22rho23 rho24
84.32016649367327	-0.08163207824184401	0.0	-0.0001864312881544335	-0.012021430789918817	0.2623198541697654	0.0	-0.00012418008100593985	-0.008469928740201391	-0.26280015157926845
83.78012649168954	8.605104412576772	0.0	3.2719389791900346e-05	-0.04914424149153465	0.2568444508464761	0.0	9.492241857680174e-06	-0.034611763860332316	-0.2666594144528537
82.47535953258057	17.20396954985495	0.0	0.0	-0.09311447868927215	0.2457404276895513	0.0	0.0	-0.04286865991884247	-0.2631172782565153
79.22367421739264	25.28102383176438	0.0	0.0	-0.15500233273938763	0.2096057241320191	0.0	0.0	0.029753221775896142	-0.22547701870303072
75.33956390107912	33.09834052668394	0.0	0.0	-0.2143102771828746	0.17054613333533042	0.0	0.0	0.09848202131082352	-0.18451141144612293
71.01760142669606	40.688317739045246	0.0	0.0	-0.2712542443060861	0.1295804833467537	0.0	0.0	0.1644261110892614	-0.1414813565687147
66.28179783512641	48.01083304357219	0.0	0.0	-0.32529398493854883	0.0865951137836929	0.0	0.0	0.22699739158052173	-0.09605866449364797
61.045121106423174	54.95133777241328	0.0	0.0	-0.37598694239086117	0.04150076227065982	0.0	0.0	0.2856426746848681	-0.04795487000902945
54.88984712025644	61.074508181105436	0.3752647514333929	0.0	0.0	-0.040063623340910716	-0.28331090397221265	0.0	0.0	0.05155317271808479
47.99233166785873	66.37824091595601	0.32474351264170315	0.0	0.0	-0.08517596974165464	-0.2247089196506027	0.0	0.0	0.09956907083221733
40.72308803935633	71.2094784414682	0.2708086279595822	0.0	0.0	-0.1281780910620513	-0.16209087764535948	0.0	0.0	0.14485485673906306
33.19079158105979	75.64566018030061	0.21382227815403027	0.0	0.0	-0.1690503644461232	-0.09583151439762211	0.0	0.0	0.1875071780130406
25.435197515414828	79.66336713985564	0.15454782175117746	0.0	0.0	-0.20819474217937534	-0.026982224444941784	0.0	0.0	0.22821020550811172
17.41998144073738	83.06876174813611	0.09273552287831996	0.0	0.0	-0.24464060584549796	0.04563011774850347	0.0	0.0	0.26566993589731386
8.781931716799013	84.07777803721179	0.04944029035790073	-0.00011332923124131491	0.0	-0.2559002512587383	0.034875840899763165	-1.774856871231237e-05	0.0	0.2673386901216168
0.0818510352307832	84.31886338449904	-0.012045999017068426	0.26232938670084205	0.0	0.000155339657848225	-0.008417419376726052	-0.2628143673542433	0.0	0.00016756532583532882
-8.60483777740736	83.78095511585664	-0.04915297421606364	0.25685952949504903	0.0	-3.281641007105324e-05	-0.03459247706321258	-0.266680565440074	0.0	-9.51924512757922e-06
-17.20357597092341	82.47580767649458	-0.09311411780908165	0.24574040743676795	0.0	0.0	-0.04286820775816995	-0.2631169963506649	0.0	0.0
-25.28056492302834	79.2241377654158	-0.15500203556572023	0.20960577336666275	0.0	0.0	0.029753756892726062	-0.22547683940579633	0.0	0.0
-33.097798171508046	75.34009046807314	-0.2143100028755328	0.17054619643147642	0.0	0.0	0.09848256297760281	-0.18451125763747478	0.0	0.0
-40.68767283654677	71.01816099081076	-0.2712536354959825	0.1295801517339534	0.0	0.0	0.16442592421117047	-0.14148064579871628	0.0	0.0
-48.010077982811396	66.28234617169346	-0.3252929140564196	0.08659433664909581	0.0	0.0	0.22699621705259196	-0.09605732179923886	0.0	0.0
-54.95047047750234	61.04561307870319	-0.3759875790544166	0.04150164416760222	0.0	0.0	0.2856450506051475	-0.04795587229773659	0.0	0.0
-61.07352200896921	54.89024686123044	0.0	-0.04006226281145519	-0.37526336597464854	0.0	0.0	0.05155148770550484	0.2833076579151906	0.0
-66.3771612385534	47.99263493225753	0.0	-0.08517455318806931	-0.32474221443133106	0.0	0.0	0.09956730578589264	0.22470589412027103	0.0
-71.20834021668801	40.72328929358631	0.0	-0.12817608497023525	-0.27080694594254723	0.0	0.0	0.1448522541739904	0.16208709053817416	0.0
-75.64449903950518	33.19089026348146	0.0	-0.16904932888602395	-0.2138215175296587	0.0	0.0	0.18750594974090096	0.09582967617798338	0.0
-79.66221259159208	25.435206148259287	0.0	-0.20819555120536012	-0.15454842832317953	0.0	0.0	0.22821158980007009	0.026983268082983777	0.0
-83.06759019959063	17.419931037549407	0.0	-0.24463986698894866	-0.09273509732679286	0.0	0.0	0.2656691287906295	-0.04563119127820193	0.0
-84.07612988456846	8.781785044372832	0.0	-0.2558980865076844	-0.049438975847326434	0.00011321612392184706	0.0	0.26733583723647053	-0.03487869786946634	1.7729873063579818e-05
-84.3207929717773	0.08158686457537598	0.0	0.000156070399808383	0.012006397694931817	-0.2623278194474041	0.0	0.0001669685153694799	0.008500272983736153	0.2628103271199805
-83.77911700495474	-8.605100376607503	0.0	-3.281564772439951e-05	0.0491455459519288	-0.25684767853674856	0.0	-9.494372054169693e-06	0.034607971210639514	0.26666336800830526
-82.47495271054815	-17.204011355539283	0.0	0.0	0.09311472204444213	-0.2457418299196319	0.0	0.0	0.04286670302102973	0.263118499228304
-79.22344160858239	-25.281082463568787	0.0	0.0	0.15500184451430019	-0.20960597664944342	0.0	0.0	-0.02975367330497524	0.22547661045840017
-75.33941090952428	-33.09838584641044	0.0	0.0	0.21431018180716227	-0.17054691005407394	0.0	0.0	-0.09848331506714718	0.1845117405044703
-71.017468405299	-40.68833762281231	0.0	0.0	0.2712528449687294	-0.12957973372716108	0.0	0.0	-0.16442470060432873	0.14147951755639346
-66.28164720261621	-48.01082375793798	0.0	0.0	0.3252923173581776	-0.08659420746923542	0.0	0.0	-0.22699544944017735	0.09605659100642765
-61.044934404019074	-54.95129783119521	0.0	0.0	0.37598737759957673	-0.04150194445796129	0.0	0.0	-0.2856451494365875	0.047955739588665655
-54.88962799509363	-61.074438896944734	-0.37526367086163276	0.0	0.0	0.04006232306126248	0.2833087884261669	0.0	0.0	-0.0515521438758471
-47.99209433475663	-66.37814909363777	-0.3247426885719599	0.0	0.0	0.08517482536213622	0.2247073345964105	0.0	0.0	-0.09956826580435364
-40.72284163709086	-71.20936486733295	-0.270807744426411	0.0	0.0	0.12817678552591769	0.16208917700122707	0.0	0.0	-0.14485382127450033
-33.190542545163396	-75.6455223359572	-0.21382187820346676	0.0	0.0	0.16904957239547924	0.0958308171201914	0.0	0.0	-0.18750687324958917
-25.434948100906656	-79.66319997509859	-0.15454799798489008	0.0	0.0	0.20819472062418415	0.026982727598746252	0.0	0.0	-0.22821099479169016
-17.41972910685104	-83.06855126308787	-0.09273529490157058	0.0	0.0	0.2446399723527447	-0.04563045625011918	0.0	0.0	-0.26566985912117047
-8.781694005733357	-84.07781115976746	-0.049436446396778896	0.00011325382426153805	0.0	0.25589371848183334	-0.03488376341261584	1.765896521750759e-05	0.0	-0.2673300309068951
-0.08159801202651298	-84.31863018561559	0.01203125857479933	-0.2623051041567339	0.0	-0.00015550857703852572	0.00844818297265699	0.2627795949702443	0.0	-0.00016764560450049847
8.605078581097276	-83.78091987044861	0.04913510734594085	-0.25683033470964983	0.0	3.276279247383839e-05	0.034630022234525014	0.2666386482558511	0.0	9.440960804066758e-06
17.20383671006579	-82.47582449288653	0.09311393331238443	-0.24574030868048477	0.0	0.0	0.04286873896685886	0.2631162038769122	0.0	0.0
25.280837224193995	-79.22418094729967	0.15500211140298292	-0.20960608443286974	0.0	0.0	-0.029753754070749112	0.2254766395632578	0.0	0.0
33.09808369979579	-75.3401484102606	0.21430978298557082	-0.17054611959876212	0.0	0.0	-0.09848193838337085	0.18451051218887463	0.0	0.0
40.687971398857	-71.01823012709487	0.2712545568630368	-0.1295814194140239	0.0	0.0	-0.16442767153690557	0.14148181013243294	0.0	0.0
48.01038553007258	-66.28242551368511	0.3252941656087194	-0.0865958412104223	0.0	0.0	-0.22699866125929213	0.09605882042289184	0.0	0.0
54.95077837455864	-61.04570184590805	0.37598669485400904	-0.041501048025118774	0.0	0.0	-0.2856430277756916	0.04795439832497204	0.0	0.0
61.073812518854474	-54.89033748805521	0.0	0.04006292263128001	0.3752639681243152	0.0	0.0	-0.051553050074173386	-0.2833104134952745	0.0
66.37741216265566	-47.99271857693911	0.0	0.08517503084312797	0.32474253330402464	0.0	0.0	-0.09956860915200455	-0.22470803235832892	0.0
71.20854213758467	-40.72336112058884	0.0	0.12817670610186885	0.2708073173113116	0.0	0.0	-0.14485375690809207	-0.16208933228573352	0.0
75.64465458468652	-33.1909432891986	0.0	0.16904939457177376	0.21382137720588185	0.0	0.0	-0.18750666368775054	-0.09583084587633735	0.0
79.66234242075113	-25.435231612556397	0.0	0.2081949082016437	0.154547763964884	0.0	0.0	-0.22821129616403707	-0.02698333951836674	0.0
83.06778053429767	-17.41992682671564	0.0	0.24463977610461268	0.09273480319987316	0.0	0.0	-0.26566961602077604	0.045630362632734754	0.0
84.07679745735722	-8.781792825776717	0.0	0.2558912705164895	0.049434538292284266	-0.00011329628377664283	0.0	-0.2673266318431861	0.03488656717280692	-1.7808849085710192e-05
