x1 x2 rho11 rho12 rho13 rho14rho21 rho22rho23 rho24
96.97740226106023	-0.011943886985501442	0.0	-3.399974754818683e-05	-0.0025381231138998897	0.2624938445895202	0.0	-7.133634187949918e-06	-0.0018121439334377676	-0.26270397958173275
96.39527983457971	10.055371560086083	0.0	0.0	-0.051252138019127536	0.24275498211565938	0.0	0.0	0.021656786846523952	-0.24690307509738435
94.10647072794396	19.886694046111394	0.0	0.0	-0.10731385207246485	0.21087861519478746	0.0	0.0	0.07979445926432745	-0.21481293803873555
90.9924741886816	29.508734510302027	0.0	0.0	-0.16195269639038135	0.1765114025361473	0.0	0.0	0.13623285591685863	-0.18009854996406216
87.26572832331071	38.9232992962927	0.0	0.0	-0.21479160157803545	0.1402459109580815	0.0	0.0	0.1908184376522682	-0.14345069048446657
82.9839089941526	48.09995066461998	0.0	0.0	-0.2653136094515766	0.10244515050988712	0.0	0.0	0.24307852887633136	-0.10522619350528262
78.12139960102695	56.96956053887085	0.0	0.0	-0.3130474247236341	0.06349574330735766	0.0	0.0	0.2926025756088341	-0.06580830917700195
72.50278866064879	65.35333948125296	0.0	0.0	-0.3573117016985673	0.02355097241964332	0.0	0.0	0.33849459152023414	-0.025244833022214374
65.28449489054631	72.38996071917602	0.35716335343945843	0.0	0.0	-0.02367478410655685	-0.3381486823370893	0.0	0.0	0.025537314991675122
56.91138068410618	78.03078118143087	0.31290931658271853	0.0	0.0	-0.06361478346508444	-0.292265814645129	0.0	0.0	0.06608895855648213
48.06343156364553	82.9384002564782	0.2651784391574679	0.0	0.0	-0.1025570214865788	-0.2427369776422796	0.0	0.0	0.10548830897095125
38.90761360904324	87.2703787015201	0.21465624570804523	0.0	0.0	-0.1403522790339729	-0.19046696721936904	0.0	0.0	0.14369127205363053
29.511753528489393	91.04994445833925	0.16181194158399298	0.0	0.0	-0.17661295349724618	-0.13586196208604234	0.0	0.0	0.18031038356332932
19.906151671826123	94.21859739500701	0.10717460406232354	0.0	0.0	-0.2109974878812193	-0.0794199370342982	0.0	0.0	0.2150138915316791
10.086088582797412	96.55292634415578	0.05110542576085114	0.0	0.0	-0.24291229841733722	-0.02126105936306808	0.0	0.0	0.24709527363695594
0.011963395967718943	96.97705484500503	-0.002556783544826226	0.2624929142619322	0.0	3.09575928688106e-06	-0.001772965559664735	-0.262703280660129	0.0	5.068151519627482e-05
-10.055426601427238	96.39702615592736	-0.05125176862710424	0.24275448378570874	0.0	0.0	0.021656194987131536	-0.24690232322265476	0.0	0.0
-19.8867342056936	94.10788946545766	-0.10731398656841552	0.21087886537910736	0.0	0.0	0.07979490173557406	-0.2148132482588044	0.0	0.0
-29.50874632359854	90.99352360325408	-0.1619523419886711	0.17651100624587385	0.0	0.0	0.13623226861085	-0.1800979449336008	0.0	0.0
-38.923278369562574	87.26645072276787	-0.2147915082164435	0.140245854283967	0.0	0.0	0.1908183898995555	-0.1434505663859597	0.0	0.0
-48.09989295046239	82.98436808033546	-0.265313414292015	0.10244499259422164	0.0	0.0	0.24307826477931624	-0.10522592562757335	0.0	0.0
-56.96945843791245	78.12167158012264	-0.31304742691432913	0.06349579332926228	0.0	0.0	0.2926027207644826	-0.0658083350090496	0.0	0.0
-65.35318175076476	72.5029593345101	-0.3573116626202942	0.02355098402235441	0.0	0.0	0.33849464841199656	-0.02524480331178621	0.0	0.0
-72.38971629314243	65.28463994407083	0.0	-0.02367482619129256	-0.3571634146714579	0.0	0.0	0.02553742189821627	0.338148795967965	0.0
-78.03031024428937	56.911489421444465	0.0	-0.06361466212289181	-0.3129091974026452	0.0	0.0	0.0660888350922757	0.29226556330998904	0.0
-82.93755764828666	48.06349736449149	0.0	-0.10255735193749346	-0.2651787479452076	0.0	0.0	0.10548882679453449	0.24273763245354538	0.0
-87.26902679739663	38.907632274339186	0.0	-0.1403523623300919	-0.21465630849137918	0.0	0.0	0.14369144144205373	0.19046712142944958	0.0
-91.04795987034592	29.511719890360762	0.0	-0.17661367110421547	-0.16181248900917838	0.0	0.0	0.18031145269562443	0.13586314142952063	0.0
-94.21588937992273	19.90606408585507	0.0	-0.21099707504984289	-0.10717428931660047	0.0	0.0	0.21501335995487084	0.07941933026348887	0.0
-96.54952157919851	10.085971697109946	0.0	-0.2429131471190895	-0.05110594928678648	0.0	0.0	0.24709652968398194	0.021262218741787662	0.0
-96.96970688255465	0.011987310099914265	0.0	3.4784710024582705e-05	0.0025558809560357163	-0.2624790769234019	0.0	6.33710764558076e-06	0.0017102244754789047	0.26268199019755606
-96.39361012637048	-10.055323174529377	0.0	0.0	0.05125237929084287	-0.24275547423320798	0.0	0.0	-0.02165743488631594	0.24690370776078727
-94.10513259622604	-19.886651354880584	0.0	0.0	0.10731362855231685	-0.21087841780461083	0.0	0.0	-0.07979415053407353	0.21481259078348205
-90.99148377047867	-29.508715096332157	0.0	0.0	0.16195293645074763	-0.17651181870025004	0.0	0.0	-0.1362335209733812	0.1800990698605122
-87.26505117584549	-38.92330321266834	0.0	0.0	0.21479159208224263	-0.14024600308165072	0.0	0.0	-0.19081858441037355	0.14345074993330076
-82.98348981371943	-48.09997451120191	0.0	0.0	0.2653137230810266	-0.10244536745748316	0.0	0.0	-0.2430789331207642	0.10522642891284964
-78.12117355834587	-56.96959927435911	0.0	0.0	0.3130473040263233	-0.0634957148464269	0.0	0.0	-0.29260249093213714	0.06580819635367786
-72.50268528817284	-65.35338394586407	0.0	0.0	0.3573116579143024	-0.02355101543688019	0.0	0.0	-0.33849466789220184	0.025244821028749195
-65.28443961711426	-72.38998984979955	-0.35716337335945125	0.0	0.0	0.02367477471614407	0.3381487368599129	0.0	0.0	-0.025537374406282422
-56.911349863543315	-78.03079573148625	-0.31290929908390175	0.0	0.0	0.06361474086929418	0.2922657904910276	0.0	0.0	-0.0660889705137291
-48.06341482940278	-82.93840663586735	-0.2651784411468169	0.0	0.0	0.1025569990002549	0.24273699410815833	0.0	0.0	-0.10548834908516197
-38.907604709792956	-87.27038196899439	-0.21465623960503172	0.0	0.0	0.14035224832760812	0.19046696649547093	0.0	0.0	-0.14369130038265446
-29.51174914639162	-91.04994834132887	-0.16181193614034667	0.0	0.0	0.17661292388603356	0.13586196259905212	0.0	0.0	-0.18031041326858885
-19.90614971376812	-94.21860464834866	-0.10717459800077803	0.0	0.0	0.21099745762786906	0.07941993609278399	0.0	0.0	-0.21501392013901113
-10.086084546117634	-96.55295499979428	-0.05110542026881089	0.0	0.0	0.24291226897396795	0.021261059537691467	0.0	0.0	-0.24709530301359603
-0.011963775019649422	-96.97693323105275	0.0025555046700403866	-0.2624908483280059	0.0	-3.0946359947646394e-06	0.0017756627700846665	0.2627003193105915	0.0	-5.070865087100858e-05
10.055424948943587	-96.39705762894927	0.051251775443479045	-0.2427545097851811	0.0	0.0	-0.02165619775807111	0.24690230336060975	0.0	0.0
19.886736129924966	-94.10789643501244	0.10731399084659643	-0.21087888755435927	0.0	0.0	-0.07979489804173555	0.2148132238595615	0.0	0.0
29.508749926246402	-90.99352538649808	0.16195234950397147	-0.17651103248711159	0.0	0.0	-0.13623227134405527	0.1800979265090499	0.0	0.0
38.92328572068245	-87.26644772446713	0.21479151710713926	-0.140245881777489	0.0	0.0	-0.19081839517182356	0.14345054998147527	0.0	0.0
48.09990822008907	-82.98435979311621	0.26531341128635955	-0.10244500695318993	0.0	0.0	-0.24307824507903264	0.10522589079133822	0.0	0.0
56.969487919041924	-78.12165544025335	0.3130474435138273	-0.06349582744241823	0.0	0.0	-0.2926027418326232	0.06580832833336347	0.0	0.0
65.35323537322066	-72.5029299493814	0.35731165872740434	-0.023550999298039596	0.0	0.0	-0.3384946260055822	0.025244770089943525	0.0	0.0
72.38981930438152	-65.28459804673068	0.0	0.02367476021321345	0.35716331954584557	0.0	0.0	-0.025537382804007636	-0.33814875507975584	0.0
78.03053045517521	-56.91145240554071	0.0	0.0636146887440042	0.31290920522958426	0.0	0.0	-0.06608892640254292	-0.292265733182694	0.0
82.93796292365852	-48.06347383526731	0.0	0.10255715159532838	0.2651785408315796	0.0	0.0	-0.10548859569303815	-0.2427373492049862	0.0
87.26968219763175	-38.90762763708676	0.0	0.1403522805599448	0.21465622006719587	0.0	0.0	-0.14369137698700674	-0.19046708153716782	0.0
91.0489239581252	-29.51173866154469	0.0	0.1766132802208889	0.16181216472345883	0.0	0.0	-0.18031094924253177	-0.13586260418903612	0.0
94.21720415459568	-19.90610825199242	0.0	0.21099724226858618	0.1071743905606759	0.0	0.0	-0.21501364613117666	-0.07941967636123617	0.0
96.55118421408596	-10.086025956792971	0.0	0.24291270352994132	0.051105644175897275	0.0	0.0	-0.24709594989279032	-0.021261710813580952	0.0
