x1 x2 rho11 rho12 rho13 rho14rho21 rho22rho23 rho24
96.60606054093489	-0.013893444544420246	0.0	-5.087397698549352e-05	-0.0028411370553467776	0.2624706469250295	0.0	8.958791201560226e-06	-0.002073624126992771	-0.2626987460610463
96.02904532435653	10.013041518086473	0.0	0.0	-0.05065858464857548	0.24377269525932246	0.0	0.0	0.017237521453346654	-0.24837788557577958
93.7105651044341	19.79657752719153	0.0	0.0	-0.10699901664395368	0.2119301416942169	0.0	0.0	0.07598396933901345	-0.2163282424596207
90.58117020966502	29.37306988086947	0.0	0.0	-0.16183467470706706	0.1774795303863451	0.0	0.0	0.13285334664273235	-0.18148721871355328
86.85805592311232	38.747491776649326	0.0	0.0	-0.21492896260959415	0.14119654981028001	0.0	0.0	0.18798653276877275	-0.14480509994907464
82.59820804071532	47.889563949651645	0.0	0.0	-0.26560930468377636	0.10324926755505964	0.0	0.0	0.24058577084384541	-0.10636295160558007
77.7728706845351	56.728992097561765	0.0	0.0	-0.31342053432888933	0.06405865506444317	0.0	0.0	0.2902728841330886	-0.0665931202005198
72.19934787294112	65.08440445832171	0.0	0.0	-0.3578865848257518	0.02396839522738038	0.0	0.0	0.33657712383161076	-0.02581355345490691
65.01470216709573	72.08329859656634	0.35776702110500297	0.0	0.0	-0.02413354702312025	-0.33628149011373104	0.0	0.0	0.026217780210972794
56.668813861708145	77.67888123995627	0.3132668932334903	0.0	0.0	-0.06417795809015221	-0.2898906578257788	0.0	0.0	0.066925824793998
47.851298280214095	82.55176429751867	0.2654581448980356	0.0	0.0	-0.10335949425088398	-0.24019492249273156	0.0	0.0	0.10667229120564362
38.731105921823584	86.86558282665877	0.21478153909274214	0.0	0.0	-0.14130518234322625	-0.18759142912819377	0.0	0.0	0.14509519280881322
29.376961616506282	90.64614743114929	0.16168330976536777	0.0	0.0	-0.17758615773564881	-0.13243967920851646	0.0	0.0	0.18174756557961394
19.818782331934354	93.83540383305244	0.10683815063335116	0.0	0.0	-0.21204208811876954	-0.07554184657718752	0.0	0.0	0.21655291190646248
10.04820809235803	96.20476810223693	0.05048325867111323	0.0	0.0	-0.24391925596799868	-0.016758030155492456	0.0	0.0	0.24857505424130602
0.01391492366170137	96.60579345509483	-0.002863517899246775	0.26247585242434696	0.0	1.9969245650850503e-05	-0.002026643043744596	-0.2627067435705163	0.0	3.4579746517142674e-05
-10.013093335534107	96.03071674443194	-0.05065870506937135	0.24377296867729367	0.0	0.0	0.017237979254800737	-0.24837821977978583	0.0	0.0
-19.796617978979963	93.71197160615984	-0.10699860650655804	0.21192963706203935	0.0	0.0	0.07598329992623457	-0.21632747692265214	0.0	0.0
-29.37308127364205	90.58224752286928	-0.1618345922188558	0.17747948922135548	0.0	0.0	0.13285335070743606	-0.18148711026613906	0.0	0.0
-38.74746671247961	86.85882773506154	-0.2149291604686494	0.14119684063357288	0.0	0.0	0.1879871158180357	-0.1448054618127459	0.0	0.0
-47.889494636839345	82.59872351095612	-0.265609404877302	0.10324943101468698	0.0	0.0	0.2405861458491567	-0.10636313266713482	0.0	0.0
-56.728866848041804	77.77319475529193	-0.313420396651555	0.06405857554540632	0.0	0.0	0.29027275983495293	-0.06659295612929006	0.0	0.0
-65.08420734079758	72.19955874092635	-0.35788652926131664	0.023968398295736923	0.0	0.0	0.33657716912191776	-0.025813505036433485	0.0	0.0
-72.08299138292405	65.01487253642065	0.0	-0.024133374144897614	-0.35776683826722927	0.0	0.0	0.026217589467860278	0.33628108987434724	0.0
-77.67832103940198	56.668933619825104	0.0	-0.06417818843097985	-0.3132671353759362	0.0	0.0	0.06692620658352173	0.28989115804987214	0.0
-82.5508182001428	47.8513644815184	0.0	-0.1033591490063614	-0.2654578185103313	0.0	0.0	0.10667185916485163	0.24019425033098943	0.0
-86.86413451065268	38.73111839593483	0.0	-0.14130458696662682	-0.2147810194030352	0.0	0.0	0.14509440826644235	0.18759036780734684	0.0
-90.64410078376012	29.376919951072445	0.0	-0.17758614541498735	-0.16168328333986906	0.0	0.0	0.18174760840746765	0.1324396619492964	0.0
-93.8326957447477	19.81869115493858	0.0	-0.21204309846583605	-0.10683884663226316	0.0	0.0	0.21655440363765693	0.07554335220186473	0.0
-96.20143470990327	10.048094130868957	0.0	-0.24391898186884417	-0.05048305561950901	0.0	0.0	0.24857472740610706	0.016757676859722733	0.0
-96.59869313123666	0.013939280331338538	0.0	5.166706715816715e-05	0.002873270672107996	-0.26247956059694244	0.0	-9.77006788627952e-06	0.0019416799427682753	0.2627103132722131
-96.02738064451091	-10.01299655879665	0.0	0.0	0.050658365248219615	-0.24377249033863987	0.0	0.0	-0.01723723448787551	0.24837751807838326
-93.7092261963771	-19.79653605856047	0.0	0.0	0.10699930181688097	-0.21193067601623786	0.0	0.0	-0.07598475136471927	0.21632891795816572
-90.58015406091307	-29.373046839783534	0.0	0.0	0.16183464091755606	-0.17747961442729412	0.0	0.0	-0.132853470182961	0.18148725403814597
-86.85733538682109	-38.74749098166925	0.0	0.0	0.2149286503799707	-0.14119630491645677	0.0	0.0	-0.187986078678885	0.14480466740265663
-82.59774089160318	-47.8895842167204	0.0	0.0	0.2656090753997901	-0.10324913500567912	0.0	0.0	-0.24058549069052426	0.10636267709858237
-77.77260346197308	-56.729030062736676	0.0	0.0	0.3134206123483747	-0.06405883453228542	0.0	0.0	-0.29027324595693615	0.06659328683897674
-72.19921682803394	-65.08445234367295	0.0	0.0	0.35788639570497977	-0.02396832440877661	0.0	0.0	-0.3365769287675059	0.025813364906985815
-65.0146289029445	-72.08333321540712	-0.3577669367868586	0.0	0.0	0.02413344212397514	0.33628133153609563	0.0	0.0	-0.026217719598892644
-56.66877095562942	-77.67890047278267	-0.31326691345185437	0.0	0.0	0.06417794851626019	0.2898907166657969	0.0	0.0	-0.06692589866520603
-47.85127385928412	-82.55177437707445	-0.2654581202448975	0.0	0.0	0.10335943984376234	0.24019488754018536	0.0	0.0	-0.1066723011190455
-38.73109246419209	-86.86558910766179	-0.21478152229495445	0.0	0.0	0.14130513577967796	0.1875914101127976	0.0	0.0	-0.14509521364669364
-29.376954706434958	-90.64615376760918	-0.161683299412131	0.0	0.0	0.17758611862165788	0.13243967343510196	0.0	0.0	-0.18174759674844318
-19.818779859663003	-93.83541147554531	-0.10683813996202357	0.0	0.0	0.21204204831086618	0.07554183989002618	0.0	0.0	-0.21655294188823118
-10.048202317058346	-96.20479407218937	-0.050483245227287074	0.0	0.0	0.24391921119289986	0.01675801756896753	0.0	0.0	-0.2485750767501237
-0.013914684243956098	-96.60568015252598	0.002861072555428394	-0.26247187399041894	0.0	-1.9966512346609127e-05	0.0020317840069265054	0.2627010656320909	0.0	-3.461438578780773e-05
10.013091694752589	-96.03074494969843	0.05065870880267071	-0.24377299225609184	0.0	0.0	-0.017237971780471557	0.2483781859710137	0.0	0.0
19.79662232667048	-93.71197785130836	0.10699861122983538	-0.21192966236399394	0.0	0.0	-0.07598329302001255	0.21632744666544557	0.0	0.0
29.37308764375179	-90.58225009830014	0.1618346038148107	-0.17747952331467803	0.0	0.0	-0.13285335764572787	0.1814870927841481	0.0	0.0
38.74747867740686	-86.85882459752563	0.21492917701839473	-0.14119687981368786	0.0	0.0	-0.1879871326320237	0.14480545185939997	0.0	0.0
47.88951732183591	-82.59871340562272	0.26560942870457993	-0.10324947680150776	0.0	0.0	-0.24058617758783327	0.10636313230414043	0.0	0.0
56.728907821980556	-77.77317474188379	0.313420376943465	-0.06405857731761908	0.0	0.0	-0.29027270046764503	0.06659289362821488	0.0	0.0
65.08427830794402	-72.1995240403995	0.3578866044893474	-0.023968486226266184	0.0	0.0	-0.33657730695158566	0.02581356476749228	0.0	0.0
72.083122209812	-65.01482748285326	0.0	0.024133449680117033	0.3577669022356436	0.0	0.0	-0.026217760664606047	-0.33628140971385745	0.0
77.67858257730703	-56.6688974039484	0.0	0.06417801986619931	0.31326694043260683	0.0	0.0	-0.06692603105200132	-0.28989093242734193	0.0
82.55127240445923	-47.851344729893924	0.0	0.10335927692417901	0.26545791728506035	0.0	0.0	-0.10667210251929185	-0.24019463272721142	0.0
86.86483585689966	-38.73111908802733	0.0	0.1413048344708806	0.21478121044106077	0.0	0.0	-0.14509481952753114	-0.18759093782504052	0.0
90.64509497164713	-29.376943465524416	0.0	0.17758610293544055	0.1616832294147246	0.0	0.0	-0.18174760755902744	-0.1324397152236784	0.0
93.83401592602033	-19.81873545156584	0.0	0.21204256341329325	0.10683844509074455	0.0	0.0	-0.21655370414390382	-0.07554267432730907	0.0
96.20309199606099	-10.048145665792621	0.0	0.24391906871690044	0.05048308935284792	0.0	0.0	-0.2485749078146224	-0.016757901045219157	0.0
