x1 x2 rho11 rho12 rho13 rho14rho21 rho22rho23 rho24
98.89815820039104	-0.0032592070575840452	0.0	1.6182400009354523e-05	-0.0009384233800443345	0.2625566581758071	0.0	-4.2043993769014125e-05	-0.000722941788055685	-0.262638451999433
98.33458430300625	10.301994265912501	0.0	0.0	-0.05359569976668425	0.23704190911319512	0.0	0.0	0.04252783354204964	-0.2385933959500472
96.28713788054979	20.412269788680582	0.0	0.0	-0.10856037423316908	0.20545284536673816	0.0	0.0	0.09826403234389601	-0.20693771190762167
93.31143368550197	30.286983348057277	0.0	0.0	-0.16231619455881718	0.17163035287849165	0.0	0.0	0.15277155185474617	-0.17303222013402225
89.5558949478854	39.892277149194015	0.0	0.0	-0.2142141043738252	0.13583944278706406	0.0	0.0	0.2053268725096522	-0.1371013595126984
85.06803414625286	49.18428698654681	0.0	0.0	-0.26363715777827273	0.09840902020400953	0.0	0.0	0.25525113564076435	-0.09945102234568547
79.84629999084453	58.09629615044348	0.0	0.0	-0.3104362534851763	0.06012679945624359	0.0	0.0	0.3028127672525612	-0.061030062231286854
73.80281650544067	66.48278292778292	0.0	0.0	-0.35371404446734317	0.02096918393381957	0.0	0.0	0.34667976527154665	-0.021633137158851203
66.43801417742654	73.73956165326294	0.3536640653988876	0.0	0.0	-0.0210465582322664	-0.3465705228240578	0.0	0.0	0.021723173264046776
58.06488144469193	79.79967672212896	0.31038428155966513	0.0	0.0	-0.060198157590882616	-0.30269761320111643	0.0	0.0	0.06111087739735537
49.16777605241841	85.04420482003654	0.2635854684805239	0.0	0.0	-0.09847738458371527	-0.25513500651512094	0.0	0.0	0.0995260938030721
39.886762508939405	89.55452959909304	0.2141605573161318	0.0	0.0	-0.13590375444980096	-0.20520551547621532	0.0	0.0	0.13716802323215024
30.28908923575907	93.33337372952278	0.16226168122225493	0.0	0.0	-0.17169346130789329	-0.15264704849156277	0.0	0.0	0.17309271964768336
20.419733195275935	96.33467954674198	0.10850228163493471	0.0	0.0	-0.2055152039513012	-0.09813114641070106	0.0	0.0	0.20698959013662685
10.31240701759327	98.40534998454027	0.053533535926077194	0.0	0.0	-0.23711332926967674	-0.042385717019597625	0.0	0.0	0.23864358834157132
0.003263836207520171	98.8987599294839	-0.0009674320251114489	0.262572683164532	0.0	1.3877750937505293e-05	-0.000662317633503598	-0.26266174935471204	0.0	-7.234446321782029e-07
-10.302035476132684	98.33671019488966	-0.053595902562395305	0.23704223363413982	0.0	0.0	0.04252831914072866	-0.23859384351165738	0.0	0.0
-20.412254986527035	96.28829911316983	-0.10856019100774586	0.20545261142187707	0.0	0.0	0.09826370666661838	-0.2069373682854313	0.0	0.0
-30.28694667964575	93.31199055970164	-0.16231617963483888	0.17163035214202482	0.0	0.0	0.15277157500518537	-0.17303220651009169	0.0	0.0
-39.89224484241122	89.55612904964512	-0.21421406729664952	0.13583941819644318	0.0	0.0	0.20532684770766313	-0.1371013117389424	0.0	0.0
-49.18426485567875	85.06811783100794	-0.2636371313400877	0.0984090102009706	0.0	0.0	0.25525113133813676	-0.09945099478510673	0.0	0.0
-58.09628240806661	79.84632518099582	-0.3104362352543941	0.0601267991703017	0.0	0.0	0.3028127781869519	-0.0610300479627264	0.0	0.0
-66.48277359773456	73.80282602573631	-0.35371403130795837	0.020969188750612735	0.0	0.0	0.346679784833944	-0.021633129693946693	0.0	0.0
-73.73954837687121	66.43802626261314	0.0	-0.02104655034661803	-0.353664063761738	0.0	0.0	0.02172317673023166	0.3465705104737742	0.0
-79.79963295974896	58.064904630733146	0.0	-0.060198156787238666	-0.31038428655714984	0.0	0.0	0.06111089119853245	0.30269761808473405	0.0
-85.04405761065807	49.1678167293685	0.0	-0.09847740320992711	-0.2635854898291738	0.0	0.0	0.09952613544306711	0.2551350495065296	0.0
-89.5541157135916	39.88682543309758	0.0	-0.13590380034871177	-0.21416059807431134	0.0	0.0	0.13716810400165408	0.20520560384862474	0.0
-93.33237771392609	30.28916606757037	0.0	-0.17169346813210815	-0.16226168427526264	0.0	0.0	0.17309274589582965	0.15264706412568863	0.0
-96.33255836962807	20.41977591545865	0.0	-0.20551563641643167	-0.10850259059999286	0.0	0.0	0.2069902203342732	0.09813180778232189	0.0
-98.4013195921025	10.312337402336446	0.0	-0.23711268447688089	-0.05353310101469839	0.0	0.0	0.23864269448432474	0.04238483449495886	0.0
-98.88957910431907	0.003281321359425953	0.0	-1.5396225206936253e-05	0.0009677536478657397	-0.2625608432008451	0.0	4.125410009847264e-05	0.0005969351917186633	0.2626432585822368
-98.33252548436928	-10.301957544097588	0.0	0.0	0.05359547135503966	-0.2370416087392815	0.0	0.0	-0.04252740715398543	0.23859294992132438
-96.2860469223139	-20.412287567616843	0.0	0.0	0.10856051395214436	-0.20545307783712605	0.0	0.0	-0.09826437801285746	0.20693802035605152
-93.31092146722425	-30.287018786480576	0.0	0.0	0.16231617740863935	-0.17163036785549807	0.0	0.0	-0.1527715712361755	0.17303222027217183
-89.55568331117823	-39.892307212525616	0.0	0.0	0.21421410779727776	-0.13583947976735333	0.0	0.0	-0.2053269352792474	0.13710139061213628
-85.06795998908689	-49.184306852772814	0.0	0.0	0.26363715106047514	-0.09840904314550394	0.0	0.0	-0.2552511775145646	0.09945103350971954
-79.84627871216948	-58.09630735853627	0.0	0.0	0.31043623675820553	-0.06012681078796381	0.0	0.0	-0.30281278856704863	0.0610300569672973
-73.80281093253541	-66.48278779790007	0.0	0.0	0.353714023040261	-0.02096919039120477	0.0	0.0	-0.3466797772586949	0.021633124992744647
-66.43801240441783	-73.73956299232913	-0.35366406512151294	0.0	0.0	0.02104654933133928	0.34657051866433036	0.0	0.0	-0.0217231819151653
-58.0648809266953	-79.79967688504854	-0.3103842805532511	0.0	0.0	0.060198148411346984	0.30269760755440833	0.0	0.0	-0.0611108856007746
-49.16777593395167	-85.04420448637927	-0.26358546763021706	0.0	0.0	0.09847737582823626	0.25513500129174743	0.0	0.0	-0.09952610257829646
-39.88676264600041	-89.5545286497594	-0.2141605573911959	0.0	0.0	0.135903746975504	0.2052055122914178	0.0	0.0	-0.13716803380282108
-30.28908991102583	-93.3333707024847	-0.1622616811645233	0.0	0.0	0.17169345394554014	0.15264704516026373	0.0	0.0	-0.17309273034875478
-20.419734624767656	-96.33466871424358	-0.10850228189967444	0.0	0.0	0.20551519727117004	0.09813114394679387	0.0	0.0	-0.2069896017696421
-10.312407246842378	-98.40531612590546	-0.05353353483225569	0.0	0.0	0.23711332079015787	0.04238571200850535	0.0	0.0	-0.23864359746045968
-0.00326345222180087	-98.89885533547235	0.000961598701954181	-0.2625630637525182	0.0	-1.3881317167775331e-05	0.0006745024906602166	0.2626481079331413	0.0	7.235145342160624e-07
10.30203548938223	-98.33667395422844	0.05359590409379779	-0.2370422432846324	0.0	0.0	-0.04252832506974409	0.23859383511137874	0.0	0.0
20.41225633582728	-96.28828721469395	0.10856019290505559	-0.2054526214184415	0.0	0.0	-0.09826371359754593	0.20693736025256254	0.0	0.0
30.286947378703562	-93.31198725052235	0.16231617817221014	-0.17163035772595234	0.0	0.0	-0.15277157506390351	0.17303219216639615	0.0	0.0
39.89224507767942	-89.55612801180233	0.2142140660386259	-0.13583942420134756	0.0	0.0	-0.20532684828630524	0.1371012979802704	0.0	0.0
49.1842650525456	-85.06811733340673	0.2636371324636854	-0.09840901886346307	0.0	0.0	-0.25525113698453755	0.09945098481123399	0.0	0.0
58.09628297003124	-79.84632466878277	0.3104362366175626	-0.06012680800065562	0.0	0.0	-0.30281278443971216	0.06103003827659791	0.0	0.0
66.48277534636023	-73.8028246163824	0.3537140317657924	-0.02096919676042065	0.0	0.0	-0.3466797892284254	0.021633118885782843	0.0	0.0
73.7395537426891	-66.43802161906181	0.0	0.02104654224227469	0.353664045340056	0.0	0.0	-0.021723187297648616	-0.34657052801916693	0.0
79.79965313252201	-58.064894032134404	0.0	0.06019814413319567	0.3103842640423643	0.0	0.0	-0.06111089514972799	-0.3026976262057503	0.0
85.0441267712233	-49.16779744302116	0.0	0.09847738172210635	0.2635854601795605	0.0	0.0	-0.09952612665668253	-0.255135041603241	0.0
89.55431211549127	-39.886795101630014	0.0	0.13590376688612554	0.21416056017989826	0.0	0.0	-0.13716807786134738	-0.20520557711202064	0.0
93.33285459586	-30.28912833763769	0.0	0.17169345338570988	0.16226166441066808	0.0	0.0	-0.17309274564086444	-0.15264707278932962	0.0
96.33358496765901	-20.419753106433095	0.0	0.20551541524261044	0.10850242230145725	0.0	0.0	-0.20698992688988782	-0.09813150378004327	0.0
98.40330025802596	-10.312369698247268	0.0	0.23711298671152478	0.05353329401971988	0.0	0.0	-0.2386431412461337	-0.04238528124105951	0.0
