x1 x2 rho11 rho12 rho13 rho14rho21 rho22rho23 rho24
83.93445694568427	-0.08871338724399873	0.0	-0.00021137116969773524	-0.01232694695924199	0.26231883124004735	0.0	-0.00010299012807869171	-0.008681726985849653	-0.26279389576589857
83.40646814619316	8.558366139207827	0.0	5.3033724447888037e-05	-0.049366636497595096	0.2568647023274515	0.0	-1.5285053357858923e-05	-0.03492757498079193	-0.26665155669679896
82.13195370398482	17.119136935675172	0.0	0.0	-0.09249884824881865	0.24702495241983236	0.0	0.0	-0.04709008467974746	-0.2648350643026196
78.85076206672213	25.136578485304597	0.0	0.0	-0.15443685925396491	0.21051898796386675	0.0	0.0	0.025688589962382727	-0.22664876623855842
74.94320513074489	32.89201640760102	0.0	0.0	-0.21435682433853673	0.17187865957432935	0.0	0.0	0.09572330571466406	-0.1862625551046675
70.60634042261643	40.42148933650226	0.0	0.0	-0.27140780636429723	0.13064379317086963	0.0	0.0	0.16190003297888	-0.1428404920520507
65.86483158499735	47.68686454061511	0.0	0.0	-0.32545793689180924	0.08729423538283618	0.0	0.0	0.22448251150131368	-0.09689410671565676
60.63482875793269	54.577214541240345	0.0	0.0	-0.3765572058291298	0.04220456395507272	0.0	0.0	0.2839384401443493	-0.0487917047711516
54.51387524351335	60.673279344713535	0.3757367986498171	0.0	0.0	-0.0405896527888018	-0.2813601732194084	0.0	0.0	0.05245511317742809
47.67016494287984	65.97532882938548	0.32479768492102673	0.0	0.0	-0.08566807967335367	-0.22190551526728994	0.0	0.0	0.10042382670766441
40.46142897306201	70.81809966557397	0.27072594037470615	0.0	0.0	-0.1288723118693054	-0.1589975530975512	0.0	0.0	0.1459970579315767
32.9932443190456	75.27671087824915	0.21383779135804604	0.0	0.0	-0.17024575375687884	-0.09292151117085315	0.0	0.0	0.18935859837731778
25.30389631348455	79.3283415184968	0.15404063764088827	0.0	0.0	-0.20909534434997915	-0.022942876231390717	0.0	0.0	0.22963992231665553
17.35448482617326	82.7804649800508	0.09199908692350645	0.0	0.0	-0.24564492665343085	0.050206312970620115	0.0	0.0	0.2672352053345144
8.749920369107864	83.72395276720468	0.049700127486081394	-8.72938475299129e-05	0.0	-0.2558503306294885	0.035150482440860595	-6.23790759217573e-05	0.0	0.26733723233765344
0.08891467654269077	83.93321325438826	-0.012339038015800073	0.2623078649942571	0.0	0.00018026358397381183	-0.008655199208358453	-0.26277907779566845	0.0	0.0001463787128589403
-8.558164760316268	83.40810501676943	-0.049376452816288934	0.2568815644296741	0.0	-5.3127388899407884e-05	-0.03490597822533269	-0.26667522856200243	0.0	1.5244302599728964e-05
-17.118740591099986	82.13249143027174	-0.09249849999018668	0.24702497236950222	0.0	0.0	-0.047089556834185343	-0.26483483626999843	0.0	0.0
-25.136100684075146	78.85124991054698	-0.1544365404105075	0.21051902520478688	0.0	0.0	0.025689130830916042	-0.22664856589617838	0.0	0.0
-32.89145508079278	74.94370876165313	-0.21435646687718357	0.17187863386744387	0.0	0.0	0.09572372514023711	-0.18626227087371372	0.0	0.0
-40.42083265472261	70.60685731685186	-0.2714079252403101	0.13064431533457185	0.0	0.0	0.1619014152895784	-0.1428409854041095	0.0	0.0
-47.686107511750805	65.8653373354983	-0.32545802921392575	0.087294676714599	0.0	0.0	0.22448381308991408	-0.09689448498227932	0.0	0.0
-54.57635698965128	60.63528945164302	-0.3765581671162837	0.04220575976878095	0.0	0.0	0.28394154070768235	-0.04879314694180147	0.0	0.0
-60.67231617421781	54.51425756825073	0.0	-0.04058876475676039	-0.3757359315534322	0.0	0.0	0.05245410080823162	0.28135797274706714	0.0
-65.9742816564018	47.670461793984536	0.0	-0.08566744199744	-0.3247971464561724	0.0	0.0	0.10042316791348943	0.2219040389565521	0.0
-70.81699540981785	40.461633789339835	0.0	-0.12887393416993853	-0.2707274098323426	0.0	0.0	0.1459995964935621	0.15900030768235326	0.0
-75.27557100492511	32.99335736758784	0.0	-0.17024708430242663	-0.2138388837088373	0.0	0.0	0.18936072431244055	0.09292350604026778	0.0
-79.32717409783258	25.30392808757172	0.0	-0.20909326982296045	-0.15403923840789782	0.0	0.0	0.22963722670314837	0.022939701060203235	0.0
-82.77924851920278	17.35444484149517	0.0	-0.2456433208513593	-0.09199813550407475	0.0	0.0	0.2672331756560062	-0.05020851302507782	0.0
-83.72276655094169	8.749817102781943	0.0	-0.2558606462333525	-0.04970639147478647	8.717266945947703e-05	0.0	0.267352067748523	-0.03513754793902494	6.235730015874015e-05
-83.93534435470261	0.08868156040583343	0.0	0.000180998402118411	0.01231683377240998	-0.26233495777493543	0.0	0.00014577806989149233	0.00870173419320596	0.2628156063928241
-83.40614634490407	-8.558410964718153	0.0	-5.313046032125583e-05	0.04937409349850926	-0.25687810169096775	0.0	1.5274052285115212e-05	0.03491086692402806	0.2666698856676197
-82.13150479924583	-17.119160054929054	0.0	0.0	0.09249870666928421	-0.24702579482956322	0.0	0.0	0.04708884776843744	0.26483545004810305
-78.85046684389931	-25.136620527971168	0.0	0.0	0.15443572128725766	-0.21051836297995977	0.0	0.0	-0.02568776980806808	0.2266470719473464
-74.94299671921524	-32.89205022189125	0.0	0.0	0.2143560627402549	-0.17187863211030535	0.0	0.0	-0.09572329295261807	0.186261701651128
-70.6061686629019	-40.42150336768112	0.0	0.0	0.2714083248714872	-0.13064529559608773	0.0	0.0	-0.16190270819234928	0.142841798933039
-65.86466190531563	-47.68685424194357	0.0	0.0	0.32545797955062045	-0.08729514133338735	0.0	0.0	-0.224484221297478	0.09689455674641773
-60.63463983963822	-54.57717718128058	0.0	0.0	0.37655791208655076	-0.042206037859418684	0.0	0.0	-0.2839415640006543	0.04879294395128845
-54.51366153353108	-60.67321257142549	-0.3757360706766795	0.0	0.0	0.04058866153018696	0.2813587916523606	0.0	0.0	-0.0524545652222996
-47.66993440356426	-65.97523710737903	-0.32479727698850164	0.0	0.0	0.0856673495142967	0.22190479654555234	0.0	0.0	-0.1004236519196505
-40.46118753832628	-70.81798399597642	-0.27072658190211607	0.0	0.0	0.12887274978734622	0.15899903417332636	0.0	0.0	-0.14599853504580582
-32.992996240607845	-75.27657119026792	-0.21383819998196388	0.0	0.0	0.1702459817203253	0.09292250056453076	0.0	0.0	-0.18935978229022785
-25.303642904537615	-79.32818028848557	-0.15403998479453435	0.0	0.0	0.20909411825602	0.02294164811027033	0.0	0.0	-0.22963905007846455
-17.35422834411965	-82.78029892778547	-0.09199863186487264	0.0	0.0	0.24564390598073957	-0.050207125874414824	0.0	0.0	-0.26723462446459556
-8.749665917922352	-83.72373151685818	-0.04969747472520597	8.720686627236347e-05	0.0	0.25584576676284154	-0.035155906951559096	6.228741367646581e-05	0.0	-0.26733139267121525
-0.08866748270611992	-83.93313456498593	0.01233859780047035	-0.2623071386356497	0.0	-0.00018044158905053623	0.008656117089149934	0.2627776482806382	0.0	-0.00014646021106084434
8.558396307272353	-83.40777057721299	0.04937206389755435	-0.2568745914174921	0.0	5.306856039155354e-05	0.034915392853110724	0.26666475950949814	0.0	-1.5330227490636257e-05
17.119003590577496	-82.13251113862181	0.09249845463678331	-0.24702511285783926	0.0	0.0	0.047089797561197286	0.2648343392480994	0.0	0.0
25.136372990909983	-78.85128921331821	0.15443698199124703	-0.21051987575928852	0.0	0.0	-0.025689891122847044	0.22664908743461817	0.0	0.0
32.891739520196055	-74.94376323589283	0.21435674200569566	-0.17187920616584557	0.0	0.0	-0.09572413417213708	0.18626240227358412	0.0	0.0
40.42112699223868	-70.60692476462106	0.2714070800638731	-0.1306435661986475	0.0	0.0	-0.16189947578399647	0.14283925158169258	0.0	0.0
47.68640701905795	-65.86541557859015	0.3254575497038557	-0.08729440535153006	0.0	0.0	-0.2244826458105108	0.09689342588345046	0.0	0.0
54.57665374945757	-60.63537608806328	0.3765569847848155	-0.042204902509430244	0.0	0.0	-0.28393889571209413	0.04879126096425683	0.0	0.0
60.67259495771203	-54.514344201508024	0.0	0.04058903637025198	0.37573610940331775	0.0	0.0	-0.05245515566878397	-0.28135992852692815	0.0
65.9745261544596	-47.67053987150327	0.0	0.08566745233249712	0.3247970073079552	0.0	0.0	-0.10042385129201062	-0.22190530513474796	0.0
70.81720269960076	-40.46169823478559	0.0	0.12887272734814575	0.2707261893400788	0.0	0.0	-0.14599855172300308	-0.15899930982385282	0.0
75.27575085466442	-32.993401057400234	0.0	0.17024611697605185	0.2138379284635088	0.0	0.0	-0.18936001569268782	-0.09292305583068572	0.0
79.32735739201388	-25.30394270511411	0.0	0.2090937048453411	0.15403931643728339	0.0	0.0	-0.22963849929782965	-0.022941401420756888	0.0
82.77951629293393	-17.354441893204203	0.0	0.24564369971712757	0.09199811931486343	0.0	0.0	-0.2672343680262845	0.05020702769432738	0.0
83.72350539516526	-8.749834788208547	0.0	0.25586698483387416	0.04970993095250601	-8.72602920254137e-05	0.0	-0.26736152361795257	0.03512867912904622	-6.244060778270024e-05
