x1 x2 rho11 rho12 rho13 rho14rho21 rho22rho23 rho24
87.10874379739118	-0.053329095218319085	0.0	-0.00015218623899931525	-0.010028036222157888	0.2623261800207736	0.0	-8.59942521958384e-05	-0.007076886180141832	-0.2628158902024948
86.52126405054668	8.917269000117713	0.0	3.7795551018640546e-05	-0.04740022107564966	0.25675351331926777	0.0	-2.195745328624693e-05	-0.03350955425472141	-0.2667234003664738
84.9690066720379	17.777987685449165	0.0	0.0	-0.09705876085784673	0.2379207259707151	0.0	0.0	-0.015370591400348386	-0.2525957542601922
81.82917753867486	26.229705353932644	0.0	0.0	-0.15715458693482565	0.20199080269843292	0.0	0.0	0.0532002809255694	-0.21536830523230105
78.03455766860326	34.437316203430136	0.0	0.0	-0.21512710004516986	0.16372443814886384	0.0	0.0	0.11896894519193182	-0.1756157934622251
73.75976358348983	42.413243046958314	0.0	0.0	-0.270610759087948	0.12342277462295233	0.0	0.0	0.18180525105732281	-0.1335963856668392
69.02315551299588	50.10665133649256	0.0	0.0	-0.3232500193682304	0.08132927715487759	0.0	0.0	0.2415109289417661	-0.0894917741762132
63.71700446497325	57.38248711754093	0.0	0.0	-0.3724329949650362	0.03730886899770914	0.0	0.0	0.2972219107380275	-0.04294840727070726
57.32501384755021	63.70471897855714	0.3720285267831747	0.0	0.0	-0.03664727436457556	-0.29579912771645844	0.0	0.0	0.04579361224142233
50.077388879740774	69.05763899400331	0.32277569408683016	0.0	0.0	-0.08050349569817805	-0.2397299902316442	0.0	0.0	0.09201984260898664
42.423871103566434	73.86636381548442	0.2702186740151364	0.0	0.0	-0.12261684401278472	-0.18001515305812169	0.0	0.0	0.13603479372848407
34.49096823108146	78.22440823109294	0.21473456524606999	0.0	0.0	-0.16289219138949468	-0.11702235248806593	0.0	0.0	0.17784016644804956
26.327119554633054	82.10864994589053	0.15674694187690946	0.0	0.0	-0.20117011099637694	-0.05108971629052299	0.0	0.0	0.2173385139137703
17.91344663763239	85.33258853119887	0.09672786121264151	0.0	0.0	-0.23735498415992587	0.017428714622803716	0.0	0.0	0.25449569254002785
9.031651942222082	86.71360255822401	0.047597383000599236	-7.161627914114045e-05	0.0	-0.2561103259474178	0.03350255205265787	-2.1607152475888772e-05	0.0	0.26721590022078495
0.05350284692281212	87.10631157981392	-0.010041750754839823	0.2623176279772544	0.0	0.0001211470205123213	-0.007047400339208788	-0.262804457461102	0.0	0.00012942371607892967
-8.917048495040355	86.5214061516773	-0.04739367520649192	0.2567432864470806	0.0	-3.783107549500086e-05	-0.03352249029734308	-0.2667087104018409	0.0	2.1992720919541744e-05
-17.777805252284058	84.97012439664954	-0.09705785939709177	0.2379197050929511	0.0	0.0	-0.015371621614617565	-0.2525941141892441	0.0	0.0
-26.22942970763602	81.83038775419561	-0.1571540757587895	0.2019904130639383	0.0	0.0	0.05320001908489755	-0.2153675675769905	0.0	0.0
-34.43691053510813	78.03567898918119	-0.21512704842106842	0.16372465507835904	0.0	0.0	0.11896961502587458	-0.17561591923115524	0.0	0.0
-42.41269102942563	73.7607313855249	-0.27061072626187294	0.12342299252597802	0.0	0.0	0.18180594443413753	-0.1335965123905984	0.0	0.0
-50.10593868905433	69.02394321154962	-0.32324952622599185	0.08132900879902918	0.0	0.0	0.24151065300305743	-0.08949120837006358	0.0	0.0
-57.38159771197219	63.717606813007315	-0.3724319544190399	0.037308131586369635	0.0	0.0	0.2972204905160309	-0.04294717023842761	0.0	0.0
-63.703627506740474	57.32545271324918	0.0	-0.03664661874907298	-0.3720278504404225	0.0	0.0	0.04579287691507419	0.2957975183951571	0.0
-69.0563434660595	50.077696194477376	0.0	-0.08050270528077992	-0.32277494486844666	0.0	0.0	0.09201891918314532	0.23972826942331218	0.0
-73.86488187196225	42.424060196737635	0.0	-0.12261452004488	-0.2702166359896404	0.0	0.0	0.13603170005930645	0.18001078308686347	0.0
-78.22277482470126	34.49104343210939	0.0	-0.16289001838418957	-0.21473283572095042	0.0	0.0	0.1778372888434159	0.11701865586149711	0.0
-82.10692909682828	26.32707867707175	0.0	-0.20117037742248134	-0.15674713009471214	0.0	0.0	0.21733909101661503	0.05109005132243927	0.0
-85.3309241707019	17.913292947443995	0.0	-0.23735696371075116	-0.09672912154902834	0.0	0.0	0.25449869270443176	-0.01742611142410929	0.0
-86.71327385833744	9.03149319934023	0.0	-0.2560976964820671	-0.047589699876222455	7.155120761836878e-05	0.0	0.2671982031050052	-0.0335185700497715	2.1596579849895768e-05
-87.11276176061075	0.053146144553036276	0.0	0.00012187632860406026	0.010009203869866751	-0.26232765925701074	0.0	0.0001287946943901046	0.007115555805707928	0.2628170361844473
-86.52181699104857	-8.917408402105464	0.0	-3.784847707558709e-05	0.04739959045317269	-0.25675333617081564	0.0	2.2005005357837394e-05	0.03351024117573931	0.2667226467439911
-84.96951920298208	-17.778131618851898	0.0	0.0	0.09705880460356767	-0.2379214783714502	0.0	0.0	0.015369514658559636	0.2525963168929143
-81.82942344090327	-26.229792868298368	0.0	0.0	0.1571545037748605	-0.20199134257078388	0.0	0.0	-0.05320112287493921	0.21536856261468448
-78.03458389984817	-34.437357473732625	0.0	0.0	0.21512654289032646	-0.16372437273975107	0.0	0.0	-0.11896882618222672	0.1756151849376211
-73.75962425895206	-42.413246601829634	0.0	0.0	0.2706095369283964	-0.12342200408689274	0.0	0.0	-0.18180376592578498	0.13359476986370758
-69.02290178931234	-50.10662210273569	0.0	0.0	0.32324862810662053	-0.08132844451455899	0.0	0.0	-0.24150911544875822	0.08949005853546338
-63.716686316516466	-57.38243085069298	0.0	0.0	0.3724315438831263	-0.03730810167490039	0.0	0.0	-0.2972199948470433	0.04294677181788625
-57.3246877521119	-63.70465239172427	-0.37202798875366566	0.0	0.0	0.03664657707402952	0.29579809741215596	0.0	0.0	-0.04579317907768146
-50.07708123676321	-69.05756622482335	-0.3227752794938796	0.0	0.0	0.08050287354574144	0.23972921483001622	0.0	0.0	-0.09201951635498332
-42.423591231583885	-73.86627809486417	-0.27021790599071327	0.0	0.0	0.12261577753615584	0.18001364458064045	0.0	0.0	-0.13603383565614502
-34.490717420698715	-78.22430221093268	-0.21473405316376043	0.0	0.0	0.16289135781115308	0.1170213729523064	0.0	0.0	-0.17783953947859288
-26.32689359841316	-82.10851659025732	-0.15674694315495727	0.0	0.0	0.20116992588379443	0.05108980650114168	0.0	0.0	-0.21733880598503239
-17.913239998029784	-85.33239882590163	-0.09672807448328713	0.0	0.0	0.23735513591099378	-0.017428181783629215	0.0	0.0	-0.2544964619780509
-9.031473812523952	-86.71368939452675	-0.04759725859557676	7.157413209478634e-05	0.0	0.25610998201868157	-0.03350272825724592	2.15555276968705e-05	0.0	-0.26721584506807067
-0.05331243830301172	-87.10636989853691	0.010047841209288071	-0.2623276274426224	0.0	-0.0001212738625350743	0.007034636941249974	0.2628183929391695	0.0	-0.00012946363046868972
8.917243495140129	-86.52142498140407	0.047398982798924814	-0.256752222376967	0.0	3.782821397519549e-05	0.033511625008303285	0.26672091982225343	0.0	-2.2014176028781947e-05
17.778018743434814	-84.97016675722472	0.09705770961702184	-0.23791959993923062	0.0	0.0	0.015372031521689363	0.25259352954226866	0.0	0.0
26.22966742191408	-81.83044366685044	0.15715399016514853	-0.2019904249728658	0.0	0.0	-0.05319973512831819	0.21536715503771517	0.0	0.0
34.43717788750547	-78.0357363762993	0.21512724473632552	-0.1637250327718473	0.0	0.0	-0.11896991493775318	0.17561602818316946	0.0	0.0
42.412994829628026	-73.76078750242092	0.2706114378260065	-0.12342393156084008	0.0	0.0	-0.1818073123330392	0.1335974201978733	0.0	0.0
50.10628249745346	-69.02400185551923	0.3232504519331956	-0.08133008869886557	0.0	0.0	-0.24151247151252453	0.08949231571900107	0.0	0.0
57.381980382127765	-63.717674049318134	0.37243305813742106	-0.0373092843371338	0.0	0.0	-0.29722267416953785	0.042948382693375246	0.0	0.0
63.704040080558336	-57.325529947332505	0.0	0.03664690519588766	0.37202808963606215	0.0	0.0	-0.045793701637356306	-0.29579903963219917	0.0
69.05675744691604	-50.077777843512386	0.0	0.08050294569399523	0.32277508753326145	0.0	0.0	-0.09201967779348354	-0.23972956806882267	0.0
73.86526494170317	-42.42414785377573	0.0	0.12261545196349993	0.27021734940441666	0.0	0.0	-0.13603343602620052	-0.18001326625941982	0.0
78.22309082172274	-34.491140920231096	0.0	0.16289067623997375	0.21473323473229497	0.0	0.0	-0.1778386363614682	-0.11702048090205078	0.0
82.10713516872624	-26.32718994407907	0.0	0.20117002817425272	0.15674673670330877	0.0	0.0	-0.21733901315743667	-0.05109022156847906	0.0
85.33095123127025	-17.91342197817915	0.0	0.23735629342662318	0.09672853223038108	0.0	0.0	-0.25449816211470155	0.017426353113436592	0.0
86.71243540965034	-9.031607588153529	0.0	0.2560935488788337	0.04758695482511317	-7.158931146102794e-05	0.0	-0.26719264943498416	0.03352333551401411	-2.1640570863251475e-05
