x1 x2 rho11 rho12 rho13 rho14rho21 rho22rho23 rho24
95.38130865637297	-0.022356059645705244	0.0	-2.1099359820821737e-05	-0.003970023786837112	0.2624317942327141	0.0	-6.233992225516411e-05	-0.00276916355064925	-0.2627308961288263
94.83578411088133	9.874991464876597	0.0	0.0	-0.04880569102549317	0.24786837147801305	0.0	0.0	0.0022801070602781687	-0.2542681245317578
92.41697291615972	19.4985242798226	0.0	0.0	-0.1058606390018025	0.21571330288517407	0.0	0.0	0.06262486434740615	-0.22174516924089221
89.22887179436547	28.91551808993638	0.0	0.0	-0.16153215212718006	0.1811433659632054	0.0	0.0	0.12131657818661695	-0.18670277691794607
85.49807516901168	38.13912777344523	0.0	0.0	-0.21536751544534968	0.14459253343563885	0.0	0.0	0.17805098419071735	-0.14960672792156623
81.27714920102106	47.13906401383351	0.0	0.0	-0.26674929893642246	0.10627917050721006	0.0	0.0	0.23214533634904447	-0.11061023357611567
76.52925561324008	55.84260991214212	0.0	0.0	-0.3150948763485178	0.06647470974865126	0.0	0.0	0.282950858790044	-0.06993510063713197
71.05993963621138	64.06593123085847	0.0	0.0	-0.36024177242694394	0.025804118577760483	0.0	0.0	0.3306389836564517	-0.028299197595812238
63.997541463834004	70.9436961860892	0.3600758693055623	0.0	0.0	-0.025957283886994777	-0.33020307340735117	0.0	0.0	0.028941245555550256
55.78103345084171	76.43513145027242	0.3148819054354755	0.0	0.0	-0.066561700527257	-0.2823867027763556	0.0	0.0	0.07046986892877152
47.09977944838509	81.23701086787912	0.26653684531946	0.0	0.0	-0.1063487574666436	-0.23155567379727277	0.0	0.0	0.1111003336156996
38.12442717762215	85.52298091221826	0.21517168198901473	0.0	0.0	-0.14467245573307227	-0.1774727701256023	0.0	0.0	0.1500803301381772
28.925685821439508	89.32604140787784	0.16134201571158788	0.0	0.0	-0.18123668625771489	-0.12073020032348783	0.0	0.0	0.18714711618618682
19.533116422184747	92.59271775241507	0.10566171291121451	0.0	0.0	-0.21582563380248745	-0.06200326850847929	0.0	0.0	0.22214016096265116
9.929087344392693	95.0859362585849	0.048551059636034684	0.0	0.0	-0.24798274554408492	-0.0015281018846773427	0.0	0.0	0.2545336825366106
0.022387832911398436	95.3811446188811	-0.0039927207308657325	0.2624375259805105	0.0	5.113616992847611e-05	-0.002721407690673786	-0.26273966300759827	0.0	1.9507094296399812e-05
-9.875019519101192	94.8373421409679	-0.04880607724234019	0.2478691146118675	0.0	0.0	0.0022812087980756406	-0.25426910708970496	0.0	0.0
-19.498543170314836	92.41832028107635	-0.10586109145218983	0.21571405638846408	0.0	0.0	0.06262607760906476	-0.22174617036442826	0.0	0.0
-28.915505861745554	89.22998071748229	-0.16153259996702882	0.1811440404660866	0.0	0.0	0.12131776708865119	-0.18670366754214593	0.0	0.0
-38.139066651561535	85.49894751356857	-0.2153677744806798	0.14459292471444268	0.0	0.0	0.1780517705379892	-0.1496072176530183	0.0	0.0
-47.13893584301531	81.27780318563298	-0.2667490062495372	0.10627893531345758	0.0	0.0	0.2321449655816594	-0.11060983551788775	0.0	0.0
-55.84239241577645	76.52972417473602	-0.3150947775647631	0.06647468870130599	0.0	0.0	0.28295088986385764	-0.06993500462691826	0.0	0.0
-64.06559530466329	71.06026952305271	-0.3602416638035675	0.025804094386738752	0.0	0.0	0.3306389935372919	-0.028299094967478903	0.0	0.0
-70.9431808267978	63.997781938412864	0.0	-0.02595696927004584	-0.3600755289518085	0.0	0.0	0.028940870427366046	0.33020231852366433	0.0
-76.43431287431777	55.781187807786445	0.0	-0.06656177476563604	-0.31488198519573807	0.0	0.0	0.0704700467719837	0.28238684378006507	0.0
-81.23580162549159	47.099856879747975	0.0	-0.10634939399485135	-0.2665374307201229	0.0	0.0	0.11110131013278997	0.2315568898676073	0.0
-85.52131824132452	38.124437361896284	0.0	-0.14467173737946928	-0.21517105981987109	0.0	0.0	0.15007938994914466	0.1774714836865461	0.0
-89.32388498730273	28.925637749959165	0.0	-0.1812353295640978	-0.16134094841096897	0.0	0.0	0.1871452734458173	0.12072800328557236	0.0
-92.59005601639247	19.533023426925638	0.0	-0.21582413652918533	-0.10566063808895929	0.0	0.0	0.22213811948927573	0.06200107419883989	0.0
-95.08280855665038	9.928985892772122	0.0	-0.24798150673851135	-0.04855024669416736	0.0	0.0	0.2545320079706508	0.0015264774026543288	0.0
-95.38170421481261	0.022326201041117606	0.0	5.188791639179916e-05	0.003947483000138548	-0.26242668693955645	0.0	1.8787845191650874e-05	0.002816016154393147	0.2627229975068668
-94.83423250946824	-9.874951650828212	0.0	0.0	0.04880515733479641	-0.2478677294315536	0.0	0.0	-0.0022792636168047255	0.25426709606468795
-92.41565040165321	-19.49847916887369	0.0	0.0	0.10586000868975111	-0.21571260423454092	0.0	0.0	-0.06262384327690224	0.22174405330077004
-89.22780046982477	-28.91548812559987	0.0	0.0	0.16153151989518982	-0.1811427403854699	0.0	0.0	-0.12131556526515028	0.1867017601250457
-85.4972536337958	-38.13911712036515	0.0	0.0	0.21536705357724503	-0.14459217226671464	0.0	0.0	-0.1780503335677172	0.14960608215965682
-81.27655945447803	-47.13907362456077	0.0	0.0	0.266749494583092	-0.10627955473998711	0.0	0.0	-0.23214606076990416	0.11061064147436761
-76.52886830448006	-55.842639727894245	0.0	0.0	0.3150948612172087	-0.06647485720436899	0.0	0.0	-0.2829511450312481	0.0699351712183796
-71.05971158309202	-64.06597817887037	0.0	0.0	0.3602415233419579	-0.025804048735356806	0.0	0.0	-0.3306387837407426	0.028298958629024325
-63.99739825812656	-70.9437397327425	-0.3600756808967787	0.0	0.0	0.025957068066388412	0.3302027006371362	0.0	0.0	-0.028941079687017212
-55.78093974068033	-76.43516180731393	-0.3148819106506855	0.0	0.0	0.06656165863459033	0.28238673280785576	0.0	0.0	-0.0704699485298456
-47.099719387945726	-81.23703067714987	-0.2665368834739387	0.0	0.0	0.10634875290209256	0.23155577251356085	0.0	0.0	-0.11110046524150963
-38.12438975824237	-85.52299389691103	-0.21517164863601668	0.0	0.0	0.14467237223314477	0.17747271872360204	0.0	0.0	-0.15008034971832854
-28.92566339029059	-89.32605024291536	-0.1613419862416807	0.0	0.0	0.18123660539911207	0.12073015684297189	0.0	0.0	-0.18714713928975724
-19.533104375718523	-92.59272160461578	-0.10566169318608917	0.0	0.0	0.2158255645504712	0.06200324523957339	0.0	0.0	-0.22214020051672398
-9.929077265964606	-95.08593127671742	-0.048551033665791665	0.0	0.0	0.2479826645979551	0.0015280662896689466	0.0	0.0	-0.2545337053137167
-0.022379681133821123	-95.38117374113945	0.003984922437071418	-0.26242472272041617	0.0	-5.1144324012069626e-05	0.002737733429726059	0.2627214586925025	0.0	-1.9548975265973045e-05
9.875027708047371	-94.83733241415423	0.048806083337636225	-0.24786915507441246	0.0	0.0	-0.0022812033022986357	0.25426905135720607	0.0	0.0
19.498558681656515	-92.41831714868165	0.10586111224156586	-0.21571411821809824	0.0	0.0	-0.062626100892505	0.2217461466036236	0.0	0.0
28.915528396164337	-89.22997756052628	0.1615326265153067	-0.18114410786109797	0.0	0.0	-0.12131780157599055	0.1867036523087251	0.0	0.0
38.13910287950087	-85.49893882719161	0.21536780615836543	-0.14459299586754287	0.0	0.0	-0.17805181488579477	0.1496072083132147	0.0	0.0
47.13899398382269	-81.27778593820692	0.26674897034696	-0.106278931052275	0.0	0.0	-0.23214486822987446	0.11060971974089638	0.0	0.0
55.842483384860216	-76.52969512852863	0.3150947610885394	-0.0664747075211841	0.0	0.0	-0.2829508328391655	0.06993492178334407	0.0	0.0
64.06573499507223	-71.06022673351806	0.3602417714271488	-0.025804225843590014	0.0	0.0	-0.3306391937021808	0.02829917204380617	0.0	0.0
70.94340920774677	-63.99773843974063	0.0	0.025957132053883027	0.36007568559093006	0.0	0.0	-0.02894120904611567	-0.3302029381206881	0.0
76.43469641510048	-55.78116040090459	0.0	0.06656166476916657	0.31488184502968924	0.0	0.0	-0.07046999743672863	-0.2823868355479831	0.0
81.23638307444674	-47.09984918984836	0.0	0.10634899016123249	0.2665370271797926	0.0	0.0	-0.11110084282631551	-0.23155632460842068	0.0
85.52212855363288	-38.124450337373474	0.0	0.1446720389616651	0.21517128566685648	0.0	0.0	-0.15007991971891577	-0.17747222569732246	0.0
89.32494527837673	-28.925671579803144	0.0	0.18123594285946926	0.1613413904066252	0.0	0.0	-0.18714624310619882	-0.12072918909054499	0.0
92.59137317035683	-19.533075565442054	0.0	0.2158248109650137	0.10566107726432984	0.0	0.0	-0.22213917457469678	-0.06200224686991902	0.0
95.08436677133061	-9.929037121749195	0.0	0.24798204355424663	0.048550549979110715	0.0	0.0	-0.2545328669123389	-0.0015273574633914377	0.0
