x1 x2 rho11 rho12 rho13 rho14rho21 rho22rho23 rho24
95.21983846097449	-0.023840262194402998	0.0	-3.0088309150265474e-05	-0.004123909192284632	0.2624256985692446	0.0	-5.3930458044607553e-05	-0.0028916337739208933	-0.26273360389558015
94.6777234305475	9.856089627027378	0.0	0.0	-0.04856926337946462	0.24852273533871586	0.0	0.0	0.0002076145044477869	-0.25520416900148096
92.24349365110915	19.457132996871145	0.0	0.0	-0.10571294108463024	0.2162950790782052	0.0	0.0	0.06075442937993901	-0.22257342099672478
89.04524770221428	28.85097062526352	0.0	0.0	-0.16146985137815686	0.18165934146778628	0.0	0.0	0.11963639033719896	-0.18743288433246616
85.31035659190663	38.05175992614364	0.0	0.0	-0.21540436727582524	0.14506231550199536	0.0	0.0	0.1765859790686306	-0.150266309615942
81.09066674123713	47.02924253064275	0.0	0.0	-0.2668777316069388	0.10668818464508102	0.0	0.0	0.2308759991953447	-0.11117857083785922
76.3485238782862	55.71058650523638	0.0	0.0	-0.31533595065397185	0.06683300033810752	0.0	0.0	0.28191680256887275	-0.07042650116914916
70.88907514751466	63.91227054913705	0.0	0.0	-0.3606929838084436	0.026177318943267712	0.0	0.0	0.33003742811752557	-0.028806912943031122
63.84435776730667	70.77389980797574	0.36051991235165765	0.0	0.0	-0.026324888181393065	-0.3295791636007114	0.0	0.0	0.029486175849813445
55.64933080113747	76.25568094888705	0.3151207654744352	0.0	0.0	-0.066917879583491	-0.28133813872287866	0.0	0.0	0.07100221412811718
46.99036226556639	81.05264309886972	0.2666557397188384	0.0	0.0	-0.10674736956781297	-0.23025436236569194	0.0	0.0	0.1116962542463189
38.03781236039615	85.33883261380478	0.215202752732647	0.0	0.0	-0.14513570532401743	-0.17598173021137595	0.0	0.0	0.15077060321105196
28.862501367468468	89.14806433485997	0.16127399503147333	0.0	0.0	-0.1817467951541247	-0.11902245290075963	0.0	0.0	0.18790531647493355
19.493966664019634	92.42774327906582	0.1055071550851487	0.0	0.0	-0.21640185274755028	-0.06010149078659069	0.0	0.0	0.22299149414315636
9.913506318797573	94.94050112815934	0.048307912378384055	0.0	0.0	-0.24863638363100862	0.0005766226498070521	0.0	0.0	0.25549053708431285
0.023873813465771953	95.21969231160135	-0.004137779836952324	0.2624168908577904	0.0	6.0124764695390474e-05	-0.0028622850289471507	-0.2627217767094754	0.0	1.109351433722677e-05
-9.856115124005159	94.67926878260815	-0.048569491667853376	0.24852323616917532	0.0	0.0	0.0002083993061934758	-0.2552048063396016	0.0	0.0
-19.457148105862718	92.2448364778534	-0.10571337580081468	0.21629581377214085	0.0	0.0	0.060755617223361806	-0.22257439367905765	0.0	0.0
-28.850952411004457	89.04635902680457	-0.1614703092482374	0.18166003427153726	0.0	0.0	0.11963761116004332	-0.18743379918755973	0.0	0.0
-38.05169103238939	85.3112376078129	-0.21540464868545145	0.14506273735269953	0.0	0.0	0.1765868227645718	-0.15026684100469767	0.0	0.0
-47.02910391618119	81.09133423485365	-0.266877396471121	0.10668790661996085	0.0	0.0	0.23087555029414658	-0.11117811048671122	0.0	0.0
-55.71035476577213	76.34900789996733	-0.31533594366366513	0.06683307207163854	0.0	0.0	0.28191703569475574	-0.07042653490879414	0.0	0.0
-63.91191521375786	70.88941852840556	-0.36069282788649953	0.0261772554986941	0.0	0.0	0.3300373498716086	-0.028806752910353357	0.0	0.0
-70.77335758078779	63.844606265621195	0.0	-0.026324717128670995	-0.360519734402985	0.0	0.0	0.029486005957672878	0.3295787431987241	0.0
-76.25483230060824	55.649489827180304	0.0	-0.06691756990742719	-0.3151204533853572	0.0	0.0	0.0710018500763573	0.28133745815439537	0.0
-81.05140630040216	46.99044228598267	0.0	-0.10674812845506941	-0.266656437614209	0.0	0.0	0.11169740609643128	0.23025581030627779	0.0
-85.33715032784437	38.03782392720728	0.0	-0.1451349211061126	-0.2152020754255023	0.0	0.0	0.15076957187367757	0.175980326230976	0.0
-89.14590093320982	28.862454260164206	0.0	-0.18174539077448618	-0.16127289246982254	0.0	0.0	0.1879034083617205	0.1190201802869284	0.0
-92.42509101905449	19.493874272055773	0.0	-0.2164004421223752	-0.10550614273893351	0.0	0.0	0.2229895775254016	0.0600994253088642	0.0
-94.93739376736497	9.91340770715822	0.0	-0.24863495940938188	-0.04830698437494548	0.0	0.0	0.2554886021072235	-0.0005784879599740253	0.0
-95.22022953696545	0.023808966052847557	0.0	6.087592658984686e-05	0.004102880155819338	-0.262423085359283	0.0	1.0375932474417615e-05	0.0029353178746575987	0.2627292346912664
-94.6761804714376	-9.856052821191199	0.0	0.0	0.04856886011057314	-0.2485223078312745	0.0	0.0	-0.00020705814905777603	0.25520343830140335
-92.24217921556517	-19.457088106918476	0.0	0.0	0.1057123163978623	-0.21629439645363543	0.0	0.0	-0.06075343612192166	0.22257232121812978
-89.04417447541505	-28.850939702552274	0.0	0.0	0.16146919348196145	-0.18165869086677622	0.0	0.0	-0.1196353406237914	0.18743182530374608
-85.30952594946604	-38.05174788974383	0.0	0.0	0.21540386335958953	-0.14506191321886547	0.0	0.0	-0.17658525795177543	0.15026559859761443
-81.09006379183975	-47.02925057272551	0.0	0.0	0.2668779859447543	-0.10668864136981007	0.0	0.0	-0.230876863684008	0.11117907420454338
-76.34812205641072	-55.71061470236289	0.0	0.0	0.3153356925460839	-0.06683291838361807	0.0	0.0	-0.2819165993791641	0.07042623939176267
-70.88883379017577	-63.912316242045925	0.0	0.0	0.3606925773150086	-0.026177117625025913	0.0	0.0	-0.3300369177553211	0.0288064802151326
-63.844204141727026	-70.77394337294851	-0.3605198085257281	0.0	0.0	0.026324744522380133	0.3295789668357734	0.0	0.0	-0.029486119749930335
-55.64922904830548	-76.25571198525897	-0.31512069489394096	0.0	0.0	0.06691776079539516	0.2813380100023655	0.0	0.0	-0.07100219229555954
-46.99029621643858	-81.05266372876405	-0.26665579089348124	0.0	0.0	0.10674737650083264	0.23025448774844748	0.0	0.0	-0.11169640958602611
-38.03777077367556	-85.33884609053888	-0.21520271491959608	0.0	0.0	0.1451356139347295	0.17598166893974737	0.0	0.0	-0.15077061903094766
-28.86247622111033	-89.14807262156728	-0.16127396230191096	0.0	0.0	0.18174670747299482	0.11902240207469875	0.0	0.0	-0.18790533732404277
-19.4939517646545	-92.42774553099338	-0.10550713384317476	0.0	0.0	0.21640177879806996	0.060101463852341656	0.0	0.0	-0.22299153447509862
-9.913494991281356	-94.94049247242127	-0.04830788737760285	0.0	0.0	0.24863630168096196	-0.0005766565541251587	0.0	0.0	-0.2554905658965801
-0.023863791216235483	-95.21974151534042	0.00413742594009667	-0.262416349243207	0.0	-6.013447842175656e-05	0.0028630692061794374	0.2627209386454712	0.0	-1.113573778070756e-05
9.856125394830586	-94.67925450458698	0.04856950272508187	-0.24852328666064133	0.0	0.0	-0.0002084045202233353	0.25520475751742994	0.0	0.0
19.45716509689073	-92.24483056024322	0.10571339723564528	-0.21629587877325981	0.0	0.0	-0.06075564219696102	0.22257436717216322	0.0	0.0
28.850978371344564	-89.04635391597944	0.16147033893776808	-0.18166010799907423	0.0	0.0	-0.1196376525075729	0.1874337857149071	0.0	0.0
38.05173178924547	-85.31122793020755	0.21540468609894353	-0.14506281753514078	0.0	0.0	-0.17658687932242362	0.1502668372726853	0.0	0.0
47.0291680580076	-81.09131626080449	0.2668773481508341	-0.10668789112108003	0.0	0.0	-0.23087542720011478	0.11117797162511439	0.0	0.0
55.710453708607595	-76.34897832940915	0.3153359999528057	-0.06683316430840054	0.0	0.0	-0.2819171307551269	0.07042654889998991	0.0	0.0
63.9120652738479	-70.88937582688493	0.3606930293146094	-0.026177472306257932	0.0	0.0	-0.33003774585450185	0.028806943723399116	0.0	0.0
70.77359934893069	-63.844564062001666	0.0	0.026324773154794763	0.36051976946558034	0.0	0.0	-0.029486200460564986	-0.3295791248357967	0.0
76.25523069145511	-55.6494641584887	0.0	0.0669176818018779	0.31512053853889177	0.0	0.0	-0.07100212210563137	-0.28133793550060554	0.0
81.05200165608713	-46.99043640113416	0.0	0.10674765284519207	0.26665596661286345	0.0	0.0	-0.11169684408122896	-0.2302551192112517	0.0
85.33797091577038	-38.03783865811104	0.0	0.1451352543554204	0.21520232610667367	0.0	0.0	-0.15077015335504856	-0.17598113487548844	0.0
89.14696487101136	-28.86248958576733	0.0	0.18174602632072032	0.16127334896845108	0.0	0.0	-0.18790441637592228	-0.11902141096696328	0.0
92.42640235157893	-19.493926910064424	0.0	0.21640107221258398	0.10550654783812607	0.0	0.0	-0.22299057665565067	-0.06010054131093291	0.0
94.93894315409462	-9.913456379354185	0.0	0.2486355928489619	0.04830734531213929	0.0	0.0	-0.25548960469140003	0.0005774734302345511	0.0
