x1 x2 rho11 rho12 rho13 rho14rho21 rho22rho23 rho24
96.21117995018997	-0.016181351213966383	0.0	-0.0014028038881850086	-0.0046853548555840585	0.11499908203164354	0.0	-0.0005334069703707436	-0.001609960450663269	0.48385624042304115
95.41486655402754	9.943839125477824	0.0	0.0	0.056849963663885644	0.2119663319787871	0.0	0.0	-0.04235529815018852	0.4782288195042505
93.27115873226597	19.721447880453653	0.0	0.0	0.137462907673518	0.2624905449864629	0.0	0.0	-0.14435598195104837	0.4289454701850142
90.35931963489907	29.321584045563576	0.0	0.0	0.21534702243152018	0.32177225270097537	0.0	0.0	-0.2405052149633601	0.3724018014016008
86.84753716237442	38.73234472742166	0.0	0.0	0.290317223041225	0.3877899820787676	0.0	0.0	-0.33180394258164564	0.3103667613955296
82.75870937188078	47.90723029045946	0.0	0.0	0.36214673464697805	0.4597733593423446	0.0	0.0	-0.41902309444862884	0.24377867105783604
77.94813712624457	56.715152690914415	0.0	0.0	0.42956813505006536	0.5409446082669626	0.0	0.0	-0.4994615870434603	0.17001143986236725
71.59231591792773	64.47953115316297	-2.8158973510772995e-05	0.0	0.4661295045773179	0.33875457099705353	0.00010942979107748889	0.0	-0.4907375845827388	0.10416524256598059
64.40452275480042	71.45361489941479	-0.4694074890925629	0.0	-0.000334135691640659	-0.342564269195642	0.4898617755085165	0.0	8.013680472210871e-05	-0.10567011177528153
56.519819236377145	77.65371973406509	-0.4346724079148799	0.0	0.0	-0.5398312294550088	0.49437778954045675	0.0	0.0	-0.17143274477502715
47.78929529060519	82.57688887983717	-0.368343818436817	0.0	0.0	-0.4584740304666822	0.41331037352875344	0.0	0.0	-0.2455320730150429
38.67815338831896	86.7856583895761	-0.2973842526145575	0.0	0.0	-0.386164038794277	0.3258795771862966	0.0	0.0	-0.31276121637948184
29.31457221282524	90.41142664990781	-0.2229089756470318	0.0	0.0	-0.32047038560233027	0.23389437264996837	0.0	0.0	-0.3749068556587643
19.74823587381227	93.42686479292585	-0.1453996749781014	0.0	0.0	-0.2614695428141312	0.13725694445552986	0.0	0.0	-0.43172021979325337
9.988371006069126	95.63598012894126	-0.06490431987989496	0.0	0.0	-0.21188171542999804	0.034492172417810385	0.0	0.0	-0.4808975616170611
0.016157863742994848	96.21646401824843	-0.004737085936842879	0.11618821995657608	0.0	0.0014019040496284817	-0.0014615481554699	0.48425299214405365	0.0	0.0005295126487233899
-9.943878968108418	95.41706333343947	0.056848065489611806	0.21194264428396506	0.0	0.0	-0.04236216598174486	0.4782304529868461	0.0	0.0
-19.721483475630045	93.27296958404185	0.13746379445818785	0.2624616283909559	0.0	0.0	-0.14436951546346508	0.42895645542209204	0.0	0.0
-29.3215910060106	90.3607004791709	0.21534467385741704	0.3217597826070833	0.0	0.0	-0.24050742901196934	0.37239923800293107	0.0	0.0
-38.73231102410058	86.84850193516665	0.290314255015912	0.38778138161784953	0.0	0.0	-0.33180336464944105	0.3103618258993373	0.0	0.0
-47.907146119047994	82.75930993301456	0.3621452930744696	0.4597608991762133	0.0	0.0	-0.4190267762261839	0.24377786920266445	0.0	0.0
-56.715013482839346	77.9484651961842	0.4295678929074305	0.5409300298000683	0.0	0.0	-0.49946819858337693	0.17001278913736048	0.0	0.0
-64.47938679773537	71.59254380475065	0.4661279249100802	0.33874473350787726	2.7974498913787806e-05	0.0	-0.4907381593708801	0.10416220738813767	-0.00010962096944981635	0.0
-71.4533459853591	64.40467906968131	-0.00033434639539566837	-0.34260125619490384	0.4693978175177439	0.0	7.954862342864389e-05	-0.10564910062246892	-0.4898336848478114	0.0
-77.65337607864716	56.51993782904034	0.0	-0.5398457445504469	0.43466947734377476	0.0	0.0	-0.17143080535220567	-0.4943739946413695	0.0
-82.57627858044327	47.78936284900247	0.0	-0.4584893299815795	0.36834056500925894	0.0	0.0	-0.2455290615269976	-0.4133062858034473	0.0
-86.78470143849569	38.67817609185827	0.0	-0.3861744604155409	0.2973823240941634	0.0	0.0	-0.31276244878077103	-0.32588068651047614	0.0
-90.41006141127478	29.314555425462476	0.0	-0.32048150639582396	0.22290655326132772	0.0	0.0	-0.3749074680350688	-0.2338951910847596	0.0
-93.42506326505855	19.74818705579423	0.0	-0.2614950250273834	0.14539344346562957	0.0	0.0	-0.43170709349680697	-0.1372474136077501	0.0
-95.63376545613032	9.988313564118656	0.0	-0.2118978104911799	0.06489994086513423	0.0	0.0	-0.48089465499540524	-0.03449088664546334	0.0
-96.21116024133707	0.016181495838413995	0.0	0.0014029801496351956	0.004685110922199102	-0.11499640779883719	0.0	0.0005332676033213003	0.001610300332173411	-0.48385796889645305
-95.41487017053883	-9.943840609278523	0.0	0.0	-0.05685007986861714	-0.2119672155316947	0.0	0.0	0.04235508634124228	-0.4782290663593591
-93.27116634109144	-19.721447827781176	0.0	0.0	-0.13746325424241224	-0.26249033550809703	0.0	0.0	0.14435648085707217	-0.42894598212104096
-90.35932419333143	-29.321584053307735	0.0	0.0	-0.21534726216169076	-0.32177254377582065	0.0	0.0	0.2405053382434137	-0.3724019299589597
-86.84754051103548	-38.732345102781494	0.0	0.0	-0.2903174216651365	-0.3877904793080297	0.0	0.0	0.33180391268314285	-0.3103668692979313
-82.75871235001081	-47.90723062813787	0.0	0.0	-0.3621469784438387	-0.4597737413181142	0.0	0.0	0.41902317533615413	-0.24377895666883628
-77.94814047918614	-56.715152841686	0.0	0.0	-0.4295683269524703	-0.5409452230572698	0.0	0.0	0.4994615380101109	-0.17001171302321874
-71.59229588987267	-64.47951694615514	2.8186114547564147e-05	0.0	-0.4661422427311825	-0.3387232981017749	-0.00010955113445845454	0.0	0.49077856098896827	-0.10419690876267516
-64.40452926603506	-71.45361779135054	0.46940759146326033	0.0	0.0003341046624432817	0.3425633014000372	-0.48986186594480596	0.0	-8.017373004983342e-05	0.10567007826766567
-56.51981925280185	-77.6537191151	0.434672441858704	0.0	0.0	0.5398304619298128	-0.49437771162789923	0.0	0.0	0.17143256463008383
-47.78929582519626	-82.57688815549521	0.3683437604210194	0.0	0.0	0.4584736129101931	-0.4133100578842068	0.0	0.0	0.24553178299814868
-38.67815405064927	-86.78565679900413	0.29738422962901445	0.0	0.0	0.38616356134193935	-0.3258793489997455	0.0	0.0	0.3127611116922614
-29.31457279353425	-90.41142314816416	0.22290893261272776	0.0	0.0	0.32047002907214955	-0.2338940487485359	0.0	0.0	0.3749067904789043
-19.748236514428964	-93.42685779638501	0.14539952022796554	0.0	0.0	0.26146969588708113	-0.1372562315941178	0.0	0.0	0.43171976711935506
-9.988372649625337	-95.63595998368429	0.06490425999990086	0.0	0.0	0.21188152959074438	-0.03449172199570461	0.0	0.0	0.4808974844751462
-0.01615668085542981	-96.21651104854291	0.004744833930321706	-0.11622846316811841	0.0	-0.0014020164527373032	0.0014364698673554096	-0.4842159337065009	0.0	-0.0005295221694846483
9.94387951184057	-95.41703786084209	-0.056848039130123144	-0.2119428938236855	0.0	0.0	0.04236232593986724	-0.47823043050805203	0.0	0.0
19.72148333194569	-93.27295976081095	-0.13746379968309647	-0.26246175871386146	0.0	0.0	0.14436976247170558	-0.4289565506115833	0.0	0.0
29.321590770013852	-90.36069536190101	-0.2153446538787592	-0.32176002836853057	0.0	0.0	0.24050758505864683	-0.372399252422874	0.0	0.0
38.73231024599184	-86.84849942743372	-0.29031422651908473	-0.3877816548981782	0.0	0.0	0.33180347269791505	-0.31036181670464547	0.0	0.0
47.90714294260849	-82.7593072991086	-0.3621452143215229	-0.4597614103246967	0.0	0.0	0.4190267788541788	-0.24377790502719474	0.0	0.0
56.71500105099775	-77.94845603886918	-0.4295674833609326	-0.5409315509527335	0.0	0.0	0.49946740819409224	-0.17001222794249818	0.0	0.0
64.4793406695945	-71.5925070068076	-0.46613850114609073	-0.33871790022592313	-2.7991264186985707e-05	0.0	0.4907729055584396	-0.10418918237440938	0.00010960400499131096	0.0
71.45333074159211	-64.40465126943376	0.0003343446609326494	0.3426025874276044	-0.4693972720743811	0.0	-7.941493755884787e-05	0.10564694238063002	0.4898312537941333	0.0
77.65336764526977	-56.519933021855735	0.0	0.5398446645085334	-0.4346698150057504	0.0	0.0	0.17143107506988156	0.4943742672924291	0.0
82.5762790126175	-47.78936481159601	0.0	0.4584887383489111	-0.36834075030159197	0.0	0.0	0.24552908091494255	0.4133062298883061	0.0
86.78470114828228	-38.67817786919897	0.0	0.38617411910405586	-0.2973824493815505	0.0	0.0	0.3127624380755331	0.32588048484234383	0.0
90.4100588935018	-29.314556745247053	0.0	0.3204811874180711	-0.2229066730954192	0.0	0.0	0.3749074592547809	0.23389497001367146	0.0
93.42505732305197	-19.748187875891492	0.0	0.2614948374952942	-0.14539353281779366	0.0	0.0	0.4317069804711271	0.1372470997726769	0.0
95.63376130417912	-9.988312256531332	0.0	0.21189702255475362	-0.06490014033957064	0.0	0.0	0.48089452439608377	0.03449096803953061	0.0
