x1 x2 rho11 rho12 rho13 rho14rho21 rho22rho23 rho24
85.14636959080741	-0.09711212651284326	0.0	-0.018148065372644184	-0.05882784027007954	1.2353218851844434	0.0	-0.005363628391323163	-0.018121872843578454	0.8285800266749335
84.35520166617674	8.682503860944829	0.0	0.0	0.02407491664426193	1.0005039430827676	0.0	0.0	-0.07681716938457642	0.7323311827008872
82.5037205077591	17.339304779715487	0.0	0.0	0.1387574858921294	1.1378419576509933	0.0	0.0	-0.23589625458862812	0.6585007008499897
80.14528268521494	25.906451164328598	0.0	0.0	0.24806714631039714	1.2921455372284627	0.0	0.0	-0.3789881661844247	0.579331749028595
77.29065743092634	34.339652719173024	0.0	0.0	0.3423868872558541	1.5138922248227356	0.0	0.0	-0.49673044748764583	0.47870654257755774
73.19695972129863	42.305071447031466	0.0028736216606060996	0.0	0.36473176733508667	1.3416504516465015	0.0008144047267039933	0.0	-0.5219780484066296	0.4131381424415705
68.33013358095793	49.74473142465112	0.0018539621222687004	0.0	0.40409918370226994	1.1172182052596544	0.0004993150082273979	0.0	-0.5098700627963362	0.3437123262461234
62.734660862646045	56.52307933349675	-0.0008582666999056415	0.0	0.44698082015029145	0.9687897667580638	-0.0004743635156533334	0.0	-0.49670236834989245	0.29802375033459594
56.510577526649485	62.52663778976025	-0.48290577415687896	0.0	-0.0026255801544423345	-1.0152982214830126	0.48569466518753884	0.0	-0.0010075447502580666	-0.3124201564860787
49.640809813339324	67.97598237204603	-0.45787149025303014	0.0	0.0003866900286691615	-1.1752097897658564	0.49336295173867517	0.0	0.00010768254957050044	-0.36191301593919356
42.1995193027271	72.77291295618078	-0.4365053770548	0.0	0.0015889505320518206	-1.4080457760960436	0.4999347635364006	0.0	0.0006125070818715043	-0.43356899459707
34.27956899514316	76.84723311360355	-0.42616809015164286	0.0	0.0	-1.4640781235856368	0.4776857712864707	0.0	0.0	-0.5033319974655721
25.960075489926258	79.97956925682317	-0.3144097727982491	0.0	0.0	-1.3172676508466787	0.3221918315276423	0.0	0.0	-0.5792469943295874
17.478210853518515	82.62293000353253	-0.21696830648680834	0.0	0.0	-1.1507018720864952	0.18073775177001014	0.0	0.0	-0.665314711146438
8.881431484104798	84.70984184549366	-0.11290447420492371	0.0	0.0	-0.9964343595115026	0.02424956205367229	0.0	0.0	-0.749174008152768
0.09692518330842965	85.14574924010846	-0.05881877130950345	1.2361967372249214	0.0	0.017586690029080813	-0.018214054639567833	0.8288382598897752	0.0	0.005535037112342624
-8.682558478896082	84.35646010942799	0.02404186891563039	1.0005473424689162	0.0	0.0	-0.07677413888440195	0.7322787526404896	0.0	0.0
-17.339268020207317	82.50492625569979	0.13872046094364196	1.1379049185386316	0.0	0.0	-0.23583915046528642	0.6584427595362631	0.0	0.0
-25.906316211370065	80.14640288307136	0.24804978275726097	1.2921498263005804	0.0	0.0	-0.37897298015239955	0.5793125846569642	0.0	0.0
-34.3394147962882	77.29167956033913	0.34237273510742366	1.5138913022323335	0.0	0.0	-0.4967212339390684	0.47869141236613405	0.0	0.0
-42.30472151109158	73.19792795928785	0.36471742597859536	1.3416523899860167	-0.0028737508094643623	0.0	-0.5219660178310024	0.4131161344933663	-0.0008142111293402865	0.0
-49.74427436164589	68.33089164822128	0.4040799816261444	1.1172071207583616	-0.0018539829283199716	0.0	-0.50980004548379	0.3436500823794157	-0.0004999244676643987	0.0
-56.522505912082806	62.73551228541301	0.4469694803665896	0.968780217087008	0.0008577128498137123	0.0	-0.49667934558285964	0.2979932973968495	0.0004729252422432374	0.0
-62.526087879582924	56.514230257661005	-0.002627014227121006	-1.015399613815723	0.482876950515658	0.0	-0.0010085704627562865	-0.3123623443958419	-0.4856108154012148	0.0
-67.97513732955116	49.64149646018084	0.0003857690961765645	-1.1752400153368845	0.45786676361132095	0.0	0.00010747826402418412	-0.3619185867313929	-0.49336145924562935	0.0
-72.7720534117641	42.20001500075375	0.0015887423687754795	-1.4080422631868583	0.4365079571268205	0.0	0.0006118409347231196	-0.43355393983597607	-0.4999124579611941	0.0
-76.8462329864191	34.28006424704414	0.0	-1.4641048594176975	0.42616368729970405	0.0	0.0	-0.5033327992751968	-0.4776870646680289	0.0
-79.97844990870912	25.960483086829054	0.0	-1.3172463250289492	0.314420331459272	0.0	0.0	-0.5792684822026377	-0.3222206318690041	0.0
-82.62169282338834	17.47852380207798	0.0	-1.1508924040483832	0.21690979281837192	0.0	0.0	-0.6652646940902129	-0.18067756352505238	0.0
-84.70856823946872	8.881659466192826	0.0	-0.9966314293078791	0.11286474438014295	0.0	0.0	-0.7490928390679057	-0.0241671500487224	0.0
-85.14641435073119	0.09712368310861261	0.0	0.01814728364278826	0.05882875040371166	-1.2353363676218616	0.0	0.00536319703162117	0.018111688639765817	-0.8285707235705188
-84.35519004439367	-8.682492071999514	0.0	0.0	-0.02409599720044771	-1.0004316724933378	0.0	0.0	0.07686015613746829	-0.7323719726821817
-82.50369890393826	-17.339290112108475	0.0	0.0	-0.13875151239455466	-1.1378708572327174	0.0	0.0	0.23587927701200195	-0.6584854877523679
-80.14525825786615	-25.906437101808628	0.0	0.0	-0.2480611772047759	-1.2921708954577609	0.0	0.0	0.3789725234136171	-0.5793190450624832
-77.2906299850787	-34.339639837309484	0.0	0.0	-0.34235827598605834	-1.5139670287275233	0.0	0.0	0.49668539634452386	-0.478672227482093
-73.19702985392743	-42.30508429066632	-0.0028738283214365997	0.0	-0.36473559998225297	-1.341653867739803	-0.0008143610565205217	0.0	0.5219853985244649	-0.41314298295522695
-68.33025772200604	-49.74477908066549	-0.0018538496429649168	0.0	-0.40409352762632245	-1.1172394912845987	-0.0004993063424312804	0.0	0.50984606319928	-0.34369571333355114
-62.73470253264279	-56.523045243865774	0.000858538773610444	0.0	-0.44697187294507473	-0.9688232416411858	0.00047310465992279665	0.0	0.49666735231780246	-0.29799464234334017
-56.513538253096385	-62.52671091300418	0.48288598658316567	0.0	0.002625138263040742	1.0153432645305387	-0.4856316987240424	0.0	0.0010068533362856543	0.3123708222531707
-49.640883812156574	-67.97605348870297	0.45784709810962454	0.0	-0.0003870899847709258	1.1752664353374533	-0.49328504877384066	0.0	-0.00010814824826785766	0.36185207208474823
-42.19956077327121	-72.77292339926154	0.43649572196306496	0.0	-0.0015891778277693914	1.4080635757510278	-0.49990457447409575	0.0	-0.0006124711639143497	0.4335442876425654
-34.27956238025759	-76.84726927472443	0.42617170249142067	0.0	0.0	1.4640630311026948	-0.4776930162951363	0.0	0.0	0.5033378853675267
-25.960070887373817	-79.97958418251692	0.3144242872499234	0.0	0.0	1.3172199153346786	-0.3222123010019357	0.0	0.0	0.579264555756339
-17.478209851002564	-82.62295181241518	0.2169328897347496	0.0	0.0	1.1508111315326484	-0.1806910606293004	0.0	0.0	0.6652798173071881
-8.881436609532404	-84.70988372677063	0.11289653681774148	0.0	0.0	0.9964702232439671	-0.024227089924736555	0.0	0.0	0.7491541047424903
-0.0969318109523301	-85.14578307282368	0.058816801817349385	-1.2361955882365028	0.0	-0.01758827534074315	0.018218906009259565	-0.8288515777319363	0.0	-0.005534956233676257
8.682549715075496	-84.35645128659071	-0.024033606012104115	-1.0005881799442666	0.0	0.0	0.07675523316364614	-0.7322587927645421	0.0	0.0
17.3392597369787	-82.50493526931169	-0.13871527719195886	-1.1379293539205262	0.0	0.0	0.23582704263579202	-0.6584314198502228	0.0	0.0
25.906313312313074	-80.14642050058552	-0.24804727269008714	-1.2921638369957225	0.0	0.0	0.3789670910804146	-0.5793078761576054	0.0	0.0
34.33940428980913	-77.29171758824936	-0.34238682832805895	-1.513864653326811	0.0	0.0	0.4967413443678723	-0.47870771472467716	0.0	0.0
42.30626845537519	-73.20167625551717	-0.3647197481152451	-1.3426225564935914	0.0028035351511088965	0.0	0.5220134629500487	-0.41297346787658246	0.0010248071987035185	0.0
49.74427478299774	-68.33105828405931	-0.40409435268310356	-1.1171994542061658	0.001853671144710928	0.0	0.509871948090836	-0.3437014776658588	0.0005005629619742736	0.0
56.5225055007996	-62.73548572310026	-0.44696685882342113	-0.9687955615501171	-0.0008580653314025088	0.0	0.49667036236363993	-0.29798829731935284	-0.00047319982193960616	0.0
62.5260342055974	-56.51127153468304	0.002627243904497113	1.0153285712732507	-0.482901464307075	0.0	0.001007241993493215	0.3124222839745407	0.4856844202860698	0.0
67.97518226964797	-49.641472338798444	-0.0003859888347950826	1.1752924016210073	-0.45784577163553913	0.0	-0.00010724642328393803	0.3618590495905825	0.49328758301958603	0.0
72.77202533606922	-42.20004302275808	-0.0015888414819182073	1.4080613720894932	-0.43649849540926017	0.0	-0.0006122814515391881	0.43352614348890117	0.49987632180537195	0.0
76.84621915284968	-34.28005801787239	0.0	1.464117563344134	-0.4261563918851285	0.0	0.0	0.5033228256903236	0.4776745301492102	0.0
79.97844709477525	-25.960478830604348	0.0	1.3172065614816333	-0.3144336452429578	0.0	0.0	0.5792813541838635	0.3222360516016577	0.0
82.62170187113257	-17.47851908662784	0.0	1.150944667600549	-0.21689300618904161	0.0	0.0	0.665246277782704	0.1806524200208439	0.0
84.70858985860268	-8.8816534407983	0.0	0.9966408457442046	-0.11286334654941253	0.0	0.0	0.7490840055650984	0.024158118898065455	0.0
