x1 x2 rho11 rho12 rho13 rho14rho21 rho22rho23 rho24
99.27337901596259	-0.0018535437091562882	0.0	-1.253491727546156e-06	-0.00020507160246175833	-0.23955043644772758	0.0	-4.380529745643609e-05	-0.00011388057633008053	0.37498918864710373
98.59782432619673	10.342460152035171	0.0	0.0	0.06961785753552276	-0.18675134313874137	0.0	0.0	-0.06606598361287125	0.34744990696052086
96.69936196735433	20.526753179145928	0.0	0.0	0.1422410233750274	-0.14281517336496663	0.0	0.0	-0.14265820327880582	0.30370113239328733
93.83865733990196	30.476152169601843	0.0	0.0	0.21323573025101844	-0.09581310715313414	0.0	0.0	-0.21742566798327437	0.256871301827736
90.11235866646146	40.13158280359393	0.0	0.0	0.2818145629815664	-0.045907856148297246	0.0	0.0	-0.28950464153915095	0.20715353328844976
85.55977877450155	49.431746822165024	0.0	0.0	0.3466033980353874	0.008613616822486386	0.0	0.0	-0.35609260254866976	0.15297841814660093
80.18521129783278	58.2965287225269	0.0	0.0	0.40906761966008215	0.060518791473363906	0.0	0.0	-0.4234230039290274	0.1013119777708356
73.92871170940607	66.57861102712646	0.0	0.0	0.46549579742210895	0.11880904161007126	0.0	0.0	-0.4809644290233428	0.043551113598176316
66.51501779144954	73.85028129507769	-0.46564972928864046	0.0	0.0	-0.11835776797583819	0.4806699058830798	0.0	0.0	-0.043671788794186574
58.251295812677796	80.12179762576008	-0.40928939638380796	0.0	0.0	-0.06009405539000588	0.42303977286519123	0.0	0.0	-0.10141269182786068
49.409167905526935	85.52571884167934	-0.3468872622479936	0.0	0.0	-0.00816632785827316	0.3556987758924468	0.0	0.0	-0.15311120819587903
40.124278664836424	90.1084400352543	-0.28212947172573144	0.0	0.0	0.046327373415748274	0.28905725419867284	0.0	0.0	-0.20727054777223655
30.477919656207508	93.86547956578796	-0.21357886711313478	0.0	0.0	0.09623355316859192	0.21695717881522136	0.0	0.0	-0.25699942592097025
20.53369719293523	96.757883477063	-0.1425989831780416	0.0	0.0	0.14322928636715554	0.14216043654265859	0.0	0.0	-0.30382825162215965
10.351060148192408	98.67905353329161	-0.06997551482307612	0.0	0.0	0.18715779788054693	0.06552227761986662	0.0	0.0	-0.34755895994801034
0.0018525518723953927	99.27672899490408	-0.0001684993684231297	-0.23866521332294777	0.0	0.0005882880352859513	-0.0002359155333912197	0.3753272199320644	0.0	-0.00012713374347366176
-10.342467720966491	98.60058877605366	0.06961667914450388	-0.1867533532288516	0.0	0.0	-0.06606519462936637	0.3474469785253595	0.0	0.0
-20.526704577682224	96.70053311625357	0.14224065200938818	-0.14281964905363528	0.0	0.0	-0.14265961690912185	0.3037014869214542	0.0	0.0
-30.47610526877087	93.83908290316579	0.21323523554193585	-0.09581646088958169	0.0	0.0	-0.21742645122031323	0.25687094004293176	0.0	0.0
-40.131555794697825	90.11249012702193	0.2818138889761652	-0.04591021495502814	0.0	0.0	-0.28950466759851	0.20715241587901417	0.0	0.0
-49.43173455588256	85.55981232176217	0.34660282687699623	0.008611123441724962	0.0	0.0	-0.3560927988340812	0.15297755515789033	0.0	0.0
-58.296524178369395	80.18521841960232	0.4090671017211567	0.06051630527750815	0.0	0.0	-0.423423210699412	0.10131118636651798	0.0	0.0
-66.57860961666113	73.92871338789845	0.46549532149181644	0.11880658735421476	0.0	0.0	-0.48096460790901613	0.043550353863923856	0.0	0.0
-73.85028019366156	66.51501955474068	0.0	-0.11836036627526138	0.46564943153624916	0.0	0.0	-0.04367236213768797	-0.4806702156902636	0.0
-80.12179197473486	58.251300323549145	0.0	-0.06009662579551176	0.40928904768267843	0.0	0.0	-0.10141325597937302	-0.42304012885710207	0.0
-85.52569057445989	49.40917952707578	0.0	-0.008168813390497758	0.34688687153627684	0.0	0.0	-0.1531117993646855	-0.35569921977093333	0.0
-90.10832755889916	40.12430538087008	0.0	0.04632512278806587	0.28212907127704406	0.0	0.0	-0.20727129483210796	-0.2890579136908757	0.0
-93.86510862040038	30.47796956103415	0.0	0.09623062006918347	0.21357819714838835	0.0	0.0	-0.2569994146339773	-0.21695724890859364	0.0
-96.75683235505853	20.53375504526419	0.0	0.14322565753123878	0.1425980555115412	0.0	0.0	-0.3038274358563215	-0.14216002583917012	0.0
-98.67646497220046	10.35106106830199	0.0	0.18715719616119064	0.0699751190629124	0.0	0.0	-0.34756105476535887	-0.06552413010111247	0.0
-99.27335594158181	0.0018537284871421697	0.0	1.4016594409816882e-06	0.00020850668714892485	0.23953139219794387	0.0	4.3731762753036844e-05	0.00010173306332661947	-0.3749807597083448
-98.5978237361755	-10.342459280568328	0.0	0.0	-0.06961791455350003	0.18675113218723127	0.0	0.0	0.06606593918520849	-0.3474499962143528
-96.69936466387708	-20.526754314172514	0.0	0.0	-0.1422410945340721	0.14281500716864431	0.0	0.0	0.14265819265206003	-0.30370122802916255
-93.83866298568918	-30.476152745019583	0.0	0.0	-0.21323580403098988	0.09581293064699445	0.0	0.0	0.21742565673480235	-0.2568714029988338
-90.11236223545049	-40.13158258814404	0.0	0.0	-0.281814635305318	0.04590765863532451	0.0	0.0	0.28950461900182084	-0.20715362917006355
-85.55978012130923	-49.43174642633465	0.0	0.0	-0.34660346510029344	-0.008613846008299135	0.0	0.0	0.35609256069959805	-0.15297850563061974
-80.18521160379869	-58.29652842559298	0.0	0.0	-0.40906767688601237	-0.06051906351514696	0.0	0.0	0.423422934482239	-0.10131205094377795
-73.92871173107606	-66.57861086296387	0.0	0.0	-0.4654958672614452	-0.11880929804116441	0.0	0.0	0.48096441712911453	-0.04355123142419636
-66.51501779059697	-73.85028124206302	0.46564973478379434	0.0	0.0	0.1183574891269177	-0.48066988056768434	0.0	0.0	0.043671705163933754
-58.25129578131538	-80.12179762949012	0.4092894087258897	0.0	0.0	0.06009376492723927	-0.4230397802425948	0.0	0.0	0.10141263373691335
-49.40916783725694	-85.52571899802726	0.3468872663202052	0.0	0.0	0.008166067578232539	-0.3556987599004975	0.0	0.0	0.15311113816400573
-40.124278567810165	-90.1084406254788	0.28212946742692896	0.0	0.0	-0.04632759857776095	-0.28905721170980553	0.0	0.0	0.20727046238831964
-30.477919629745145	-93.86548100170347	0.2135788633024453	0.0	0.0	-0.09623377415419519	-0.21695713490824325	0.0	0.0	0.25699934595144003
-20.53369743381406	-96.75788560181127	0.1425989797120536	0.0	0.0	-0.143229502552453	-0.1421603901962494	0.0	0.0	0.3038281735117288
-10.351060442504942	-98.67905348522201	0.0699755126715546	0.0	0.0	-0.1871580156168402	-0.06552223202255447	0.0	0.0	0.3475588706032398
-0.0018525805410518714	-99.27672312538841	0.00016893858966406992	0.2386626457608611	0.0	-0.0005883470067864384	0.00023435384538825037	-0.3753273147386302	0.0	0.00012716872616081362
10.342467945372137	-98.60058814571728	-0.06961668143312477	0.18675316286972404	0.0	0.0	0.06606524127727703	-0.34744704658886666	0.0	0.0
20.526704802341673	-96.70053515902791	-0.1422406515098604	0.14281943607286082	0.0	0.0	0.14265965251204718	-0.30370154586069703	0.0	0.0
30.47610525238578	-93.83908441599537	-0.21323523547679693	0.09581624467078655	0.0	0.0	0.21742648672996723	-0.256870998945736	0.0	0.0
40.1315557200335	-90.11249079612311	-0.28181389254740147	0.04591000701150411	0.0	0.0	0.2895047141159624	-0.20715249023334473	0.0	0.0
49.43173452950568	-85.55981257108537	-0.3466028291579891	-0.008611344199687183	0.0	0.0	0.3560928453847409	-0.1529776369705766	0.0	0.0
58.296524203986586	-80.18521855304985	-0.409067072868144	-0.060516632241054545	0.0	0.0	0.42342316916571776	-0.10131119472181092	0.0	0.0
66.57860964184889	-73.92871350629261	-0.4654953244539183	-0.11880682933318391	0.0	0.0	0.4809646744823195	-0.043550437995639575	0.0	0.0
73.85027996060954	-66.51501955003478	0.0	0.11836010778248479	-0.46564948768282843	0.0	0.0	0.0436723190512993	0.48067013091289856	0.0
80.12179144733788	-58.251300431565504	0.0	0.06009632408872983	-0.40928911908640053	0.0	0.0	0.10141324580447152	0.4230400925582099	0.0
85.52568919660919	-49.40917979674183	0.0	0.008168569437598082	-0.346886925721972	0.0	0.0	0.1531117493779957	0.35569913738006464	0.0
90.1083242882928	-40.12430555749229	0.0	-0.04632536300305486	-0.28212912531434486	0.0	0.0	0.20727125558795056	0.2890578367623083	0.0
93.86510334220652	-30.477968978149985	0.0	-0.09623084270022932	-0.21357824686377153	0.0	0.0	0.2569993669904967	0.21695716292354184	0.0
96.7568291151712	-20.533753760799247	0.0	-0.1432258721915753	-0.14259810370964343	0.0	0.0	0.30382738928530517	0.14215994183062844	0.0
98.67646521365126	-10.351061805736201	0.0	-0.18715745155259939	-0.06997517355504511	0.0	0.0	0.34756100208532936	0.06552408056978651	0.0
