x1 x2 rho11 rho12 rho13 rho14rho21 rho22rho23 rho24
94.64888868172005	-0.0238186160509849	0.0	-0.0034224874846968214	-0.00907645023710867	0.28627805969860126	0.0	-0.0007831905350765415	-0.0028492920843587906	0.5365724769532926
93.85343678290965	9.772139142638084	0.0	0.0	0.05117409747312242	0.3826748849907104	0.0	0.0	-0.040253563336307606	0.5442092238537517
91.71083982490144	19.3855215818932	0.0	0.0	0.13471515513328094	0.44654159304437396	0.0	0.0	-0.1505718131052006	0.48470562435675374
88.85922263196609	28.838630826230915	0.0	0.0	0.21597831404640705	0.5166522403208842	0.0	0.0	-0.2559008711949708	0.42101644831420193
85.44895098809982	38.11586704375303	0.0	0.0	0.29387917911105244	0.5963168730772674	0.0	0.0	-0.3545872134055119	0.3506043542287245
81.44465812844513	47.14570295326406	0.0	0.0	0.36977364055792444	0.6813527594705563	0.0	0.0	-0.4518534995369	0.2770509706458281
76.43099965665836	55.650117556068565	0.00010681794953145466	0.0	0.42791743452881226	0.6399005685571719	0.00023262029455203896	0.0	-0.5026161512091064	0.1969452939887232
70.35877773969361	63.387854923520905	-8.726682796746769e-05	0.0	0.46440655384525226	0.43273534564448424	8.090009546308445e-05	0.0	-0.49132281101043257	0.13317642679566272
63.321692691381045	70.21532247372119	-0.4704087136915332	0.0	-0.0005219899111765743	-0.4403260415042814	0.4895054380353047	0.0	-0.00014427447958083575	-0.13562605912575496
55.50408165690521	76.18098809281399	-0.43822328018241824	0.0	4.990307384600666e-05	-0.6508153245781496	0.49930667042782806	0.0	-9.473817559101192e-05	-0.20029035168799936
47.01438242716359	81.20629071890644	-0.38089811520672556	0.0	0.0	-0.6815718554854758	0.43977643548132483	0.0	0.0	-0.2786325272471128
38.04901229416582	85.34241517038652	-0.3068188085277982	0.0	0.0	-0.5957361976287102	0.34244788309264823	0.0	0.0	-0.3534424085012932
28.828517154254698	88.89834651715665	-0.23049934885058468	0.0	0.0	-0.514564340552639	0.24431670865799976	0.0	0.0	-0.42589071250255756
19.4205638992971	91.89108684268412	-0.1498657750534467	0.0	0.0	-0.44536320102747595	0.1376919323564885	0.0	0.0	-0.4898074274493699
9.834103478949944	94.13432701842194	-0.06659049441525101	0.0	0.0	-0.3832375928078548	0.02587002071329928	0.0	0.0	-0.5492749286656119
0.02384658860845445	94.64935885333985	-0.009055697549416113	0.2871915852415499	0.0	0.002853374039062799	-0.002942177781840168	0.5368523854960988	0.0	0.0009527496035275508
-9.77217015512045	93.85542646667804	0.05117067462703143	0.3826458598285875	0.0	0.0	-0.040260176608265065	0.5442074034443531	0.0	0.0
-19.385561990629363	91.7125582176197	0.13471641627584358	0.4465016500349776	0.0	0.0	-0.15059015225492584	0.4847203085916815	0.0	0.0
-28.83866324120826	88.86063842153189	0.2159682805098929	0.516660643350114	0.0	0.0	-0.2558829118790646	0.4209918545870212	0.0	0.0
-38.115879403846876	85.45005905486592	0.2938832548445418	0.5962789422768776	0.0	0.0	-0.354610256594036	0.3506204910830435	0.0	0.0
-47.14568806220094	81.44550429702666	0.3697772238775707	0.681320300983716	0.0	0.0	-0.4518740620396264	0.2770628970517004	0.0	0.0
-55.649975353271756	76.43146184360444	0.42791073585243966	0.6398818958468221	-0.00010677163645936116	0.0	-0.5025789307072543	0.19691374085074376	-0.00023289649467181066	0.0
-63.38763070391352	70.35919933684681	0.4644045753443802	0.4327213591204794	8.709373513013422e-05	0.0	-0.4913234318314469	0.133172206753976	-8.108940106251155e-05	0.0
-70.21505235613951	63.32196514957019	-0.0005225010806148957	-0.4404237184931433	0.4703765693526993	0.0	-0.00014492231154191758	-0.13555035184489153	-0.4894054751603221	0.0
-76.1804641614942	55.50426372853782	4.9664787160385665e-05	-0.6508143028437453	0.43822605635783185	0.0	-9.452442641790819e-05	-0.20030584052392697	-0.49932278321646495	0.0
-81.20551833953924	47.01447126772368	0.0	-0.6816003839552754	0.3808909918132816	0.0	0.0	-0.2786224290878091	-0.4397635353995132	0.0
-85.3413196168274	38.04904439749792	0.0	-0.5957705018255233	0.30681006591719523	0.0	0.0	-0.35342676024590663	-0.3424314292657836	0.0
-88.89692076447847	28.828507801094595	0.0	-0.5145564144372086	0.23050228840646572	0.0	0.0	-0.42591171928012656	-0.244337325004896	0.0
-91.88933314201257	19.42052452959729	0.0	-0.4453979617561547	0.14985741985657436	0.0	0.0	-0.4897907201257261	-0.13767966116819716	0.0
-94.1322879049329	9.834055871935732	0.0	-0.3832658473645644	0.06658342139992195	0.0	0.0	-0.549267508305233	-0.025865019675906088	0.0
-94.64890178061208	0.023818180979925455	0.0	0.0034222887407936156	0.009071944729666423	-0.28625453614145685	0.0	0.0007830718238337902	0.002862877292122118	-0.5365936117314041
-93.8534353740834	-9.772138091475831	0.0	0.0	-0.05117433409401079	-0.3826760490443418	0.0	0.0	0.04025310143098272	-0.5442095557799724
-91.71083478046948	-19.385521561188753	0.0	0.0	-0.13471587304587337	-0.44654044881673166	0.0	0.0	0.1505728309152782	-0.48470651709421037
-88.85922089811618	-28.838630284650336	0.0	0.0	-0.21597843819718238	-0.5166535167132743	0.0	0.0	0.25589999453021967	-0.42101545028481024
-85.44894932621928	-38.11586439125345	0.0	0.0	-0.29387991111097356	-0.596316127706976	0.0	0.0	0.35458809996286333	-0.3506053397083409
-81.44465177269225	-47.145695513963524	0.0	0.0	-0.36977435716701107	-0.6813522088814706	0.0	0.0	0.4518542504333531	-0.2770518978811262
-76.43098885339589	-55.65010745488136	-0.00010680103225194667	0.0	-0.42791779655219603	-0.6399012356469478	-0.00023257849584575437	0.0	0.5026159634510784	-0.19694563412385507
-70.3588140274092	-63.38837238334673	8.727804113852926e-05	0.0	-0.46438037096211976	-0.43280440459399705	-8.09733164505582e-05	0.0	0.4912365081363086	-0.13310961301547136
-63.32167837821182	-70.2153073709751	0.47040871744314944	0.0	0.0005219379330988961	0.4403250174996044	-0.48950552187318525	0.0	0.00014421835218926575	0.13562595356138507
-55.50407382957756	-76.18098032081244	0.4382232455695901	0.0	-4.9965313666207754e-05	0.6508144890805135	-0.49930659282386336	0.0	9.466678512976389e-05	0.20029011943604258
-47.014379647164866	-81.20628764830167	0.3808977454564039	0.0	0.0	0.68157202070338	-0.4397756261716185	0.0	0.0	0.27863180432100093
-38.0490114977516	-85.34241285610422	0.3068183560219512	0.0	0.0	0.5957367873136408	-0.34244677620635827	0.0	0.0	0.35344153111436655
-28.82851701229379	-88.89834597677823	0.23049946898112875	0.0	0.0	0.514563022217311	-0.24431728757461937	0.0	0.0	0.4258918109186147
-19.420564420089327	-91.89109173646175	0.1498652935548651	0.0	0.0	0.44536437499490966	-0.13769056391703885	0.0	0.0	0.48980662838159267
-9.83410777597341	-94.13433572358716	0.06659008567929169	0.0	0.0	0.3832387292402697	-0.025868783193910325	0.0	0.0	0.5492746252908036
-0.023852103788909354	-94.64935282183932	0.009062562603784576	-0.28722844142734844	0.0	-0.0028535774184575728	0.0029196039293618724	-0.5368199661130041	0.0	-0.0009527201307453402
9.772160399153938	-93.85542805379403	-0.051170899733419026	-0.3826463753414018	0.0	0.0	0.04026078407629398	-0.544207629810126	0.0	0.0
19.385540178965886	-91.71255714878042	-0.1347165269430026	-0.4465028038026781	0.0	0.0	0.1505903834504397	-0.48472045673278696	0.0	0.0
28.838627391331794	-88.86062853242612	-0.2159685457742503	-0.5166612424344299	0.0	0.0	0.25588362590122543	-0.42099263366504763	0.0	0.0
38.11582863881502	-85.45004257495374	-0.29388284264683123	-0.5962818027797587	0.0	0.0	0.3546089969461326	-0.35061942123625656	0.0	0.0
47.14562196020143	-81.44547167166822	-0.3697761268774343	-0.681325020507016	0.0	0.0	0.4518709980005237	-0.2770605948069317	0.0	0.0
55.6505113404468	-76.43153436696164	-0.427889937110466	-0.6399553131190265	0.00010672959579575449	0.0	0.5025370660408827	-0.19687724755457492	0.00023306348319469805	0.0
63.388047347763354	-70.3591804872782	-0.46437573873922816	-0.4327972295220646	-8.719923456083425e-05	0.0	0.4912299138366109	-0.13309893602336068	8.133175633519854e-05	0.0
70.21498517126896	-63.32193388221091	0.000522578543146348	0.44031808764411184	-0.4704168045731076	0.0	0.00014454324736647405	0.13565223068814203	0.489535158130669	0.0
76.18044691371388	-55.50423668968757	-4.977082878937081e-05	0.6507808970915423	-0.4382397093473331	0.0	9.472514761770667e-05	0.20033834710535037	0.499365840991686	0.0
81.20547448471048	-47.01447754276251	0.0	0.6815980913227336	-0.38089148755054286	0.0	0.0	0.27862267329019474	0.4397638312026229	0.0
85.34131752486896	-38.04905080855498	0.0	0.5957688085059198	-0.30681036319089405	0.0	0.0	0.353426613468296	0.34243117425097636	0.0
88.89692201075799	-28.828509384523432	0.0	0.5145548746207854	-0.2305025507631974	0.0	0.0	0.4259115448898831	0.24433697597015475	0.0
91.88933774560697	-19.42052481103021	0.0	0.4453967723216927	-0.14985760794747152	0.0	0.0	0.48979038559180055	0.1376790742399051	0.0
94.13229141981888	-9.834057494416768	0.0	0.38326371549341004	-0.06658379176843177	0.0	0.0	0.5492672400481382	0.02586504012509499	0.0
