x1 x2 rho11 rho12 rho13 rho14rho21 rho22rho23 rho24
82.9285004253301	-0.10474638962040926	0.0	-0.022003365960128914	-0.07352223356947403	1.4234485956335492	0.0	-0.006676398818996746	-0.022664493644081754	0.8864623739072481
82.1862868206076	8.454375321268671	0.0	0.0	0.0116618960014814	1.0783258000997198	0.0	0.0	-0.07266857952080526	0.7376153606591849
80.44533327923165	16.90591494327116	0.0	0.0	0.1295104327053678	1.2356925630908246	0.0	0.0	-0.23288781441026424	0.6606004774995808
78.20784932549417	25.274719466634167	0.0	0.0	0.24370470893823187	1.4050087788239949	0.0	0.0	-0.37960887698856455	0.5807780668863904
75.43543949692224	33.505833443925106	0.00034258051185988904	0.0	0.35185637748956944	1.6162646274054056	2.1625922062477312e-05	0.0	-0.5194385065583121	0.5003058290023045
71.39708195142418	41.24923466102502	0.0039021735482816958	0.0	0.3565864518525242	1.4212918125295002	0.0013360878895261768	0.0	-0.5243877750654841	0.4374081348071205
66.58696776048716	48.46206791573209	0.002375266608776437	0.0	0.3973465519803384	1.2091545814237032	0.0007204391545565369	0.0	-0.5119893871193946	0.3721048885854729
61.09199599657631	55.030373006035326	-0.001051451928255485	0.0	0.4420358624336073	1.0770744068003244	-0.0005460577358974762	0.0	-0.4982119043587773	0.3316876193172265
55.04282131126844	60.850987214384226	-0.48663239380011875	0.0	-0.003290103839470944	-1.1360905275248498	0.48454455906527066	0.0	-0.0007800707816932135	-0.3496317692170657
48.37247819218476	66.18869806042642	-0.4636880006435112	0.0	0.0005426707029627183	-1.2826748546019733	0.4916047805309262	0.0	0.0001913232316846857	-0.3945453337301623
41.1516139238114	70.92238903517743	-0.4439584412601204	0.0	0.0022267226749846563	-1.5040219435530724	0.4976578310825392	0.0	0.0008200763541900806	-0.4631000630559579
33.46329282493011	74.9609879281123	-0.4363760053010918	0.0	9.32884611263536e-05	-1.5879649672731715	0.4793737918639071	0.0	-0.00018389218134801845	-0.5056967708407288
25.33949947554544	77.97509827673494	-0.3365341100659366	0.0	0.0	-1.384100536276748	0.33857497465068975	0.0	0.0	-0.5959473502236162
17.051846514862692	80.48678895626955	-0.22575765721246693	0.0	0.0	-1.2319580289730705	0.1810550870826516	0.0	0.0	-0.6734283132464496
8.660417613188413	82.47200348210801	-0.10790437260780096	0.0	0.0	-1.099547150594568	0.004312036087714533	0.0	0.0	-0.74553392680759
0.10466522373625213	82.92741172640693	-0.07353198731065175	1.42419717561053	0.0	0.02144153160649967	-0.022753620212545896	0.8866728376185101	0.0	0.006847886638557297
-8.453828495801707	82.18610061752666	0.011612654427069324	1.0783182595318512	0.0	0.0	-0.07263644852806043	0.7375644975737295	0.0	0.0
-16.903670169301428	80.44069628531476	0.12945393306553912	1.2357246469110144	0.0	0.0	-0.23284260823431258	0.6605498575240626	0.0	0.0
-25.26905571787225	78.19507080006231	0.24369110561147572	1.404914555096236	0.0	0.0	-0.37961439090610877	0.5807722831009837	0.0	0.0
-33.492724292828	75.4050413968948	0.3498327063148094	1.604592049990368	-0.00037565992907501	0.0	-0.509978953572331	0.4950584168186153	-5.125365431491008e-05	0.0
-41.244536459675885	71.38784873210558	0.3565870342183708	1.4210898881198601	-0.0039060640446756385	0.0	-0.5244600931745907	0.4374222907787302	-0.0013396740914893024	0.0
-48.46061814144877	66.58466010729289	0.39733197432624995	1.2089573373928413	-0.002379441244144157	0.0	-0.5119709410949408	0.3720527124827207	-0.0007250978869819853	0.0
-55.02956914380795	61.09203918427274	0.44201526900090793	1.0769068798297872	0.001046203052808715	0.0	-0.4981961867280182	0.3316313894371661	0.000539919400006552	0.0
-60.85034041744735	55.046705459656096	-0.003294981421204755	-1.1363297317319963	0.48660015894618003	0.0	-0.0007832817384858074	-0.34962378267574845	-0.48450512265917073	0.0
-66.18511629410108	48.37196030706538	0.0006050342885076638	-1.281985249243478	0.46361915625366323	0.0	-2.355542794960742e-05	-0.39464194544823644	-0.49148421282762844	0.0
-70.92154097818572	41.152116236365885	0.002223154630545346	-1.5041876795177447	0.44394457807572585	0.0	0.0008176932590040128	-0.4631073670072554	-0.49764067735789896	0.0
-74.9601317370397	33.463723106266656	9.280208989113358e-05	-1.5882230387071568	0.43630651483259003	0.0	-0.0001844461322185276	-0.5056934344893673	-0.47936809220309384	0.0
-77.97412504738072	25.339849693391596	0.0	-1.384151980769162	0.33653264930815296	0.0	0.0	-0.5959651290525543	-0.33859781479409123	0.0
-80.48571052805596	17.052114085326476	0.0	-1.2323957971765145	0.22563075381590142	0.0	0.0	-0.673315690743683	-0.1809240632427008	0.0
-82.47091002167338	8.660616956416707	0.0	-1.0992220596137308	0.10796435918363698	0.0	0.0	-0.7457235227931874	-0.00450090077535793	0.0
-82.92840078518498	0.10491359145654394	0.0	0.02197773137687734	0.0735167422370875	-1.4233441069244217	0.0	0.006671744410267838	0.022642711780767287	-0.8864316075366219
-82.18470144714784	-8.453711710115089	0.0	0.0	-0.011755248162340904	-1.078018238143111	0.0	0.0	0.07277882448963732	-0.737715742105452
-80.4381918000256	-16.90329168780914	0.0	0.0	-0.12949201782240954	-1.2357183818271609	0.0	0.0	0.23285729844384573	-0.6605739278268561
-78.18886688473776	-25.267651997156968	0.0	0.0	-0.2436893335836939	-1.405010730830014	0.0	0.0	0.3795832687838298	-0.5807581306236463
-75.4022893360589	-33.49213806612801	-0.00031464281451576816	0.0	-0.35150341796060147	-1.5962607166550722	-0.00027119712718420917	0.0	0.5115241758927789	-0.49669168419338844
-71.38330260768295	-41.24400491527816	-0.003909436257009161	0.0	-0.35662759856195775	-1.4210976142441676	-0.0013419567566369788	0.0	0.5244905434134102	-0.43747631076735427
-66.58336620339955	-48.46104768652535	-0.0023826119085031006	0.0	-0.3973454116089991	-1.209054138827679	-0.0007267308049682352	0.0	0.5119537210230346	-0.3720673521819812
-61.091213303066944	-55.030229911611244	0.001043844772785012	0.0	-0.44204210923661336	-1.0769511291839393	0.0005377494860963868	0.0	0.4982011607598665	-0.33166328241519105
-55.04611702710211	-60.85107007985597	0.4865793120801863	0.0	0.003287403946398248	1.1363033616822835	-0.48446336801623385	0.0	0.0007779644296318029	0.3495721803117847
-48.37144379920323	-66.18575978726028	0.4636168083866874	0.0	-0.0006114263459838966	1.2819225966169352	-0.4914976510976891	0.0	1.8264143944736488e-05	0.39463349056808983
-41.15147562955532	-70.92252531721176	0.4439106381390468	0.0	-0.0022285132028868246	1.504221780987616	-0.4975951437664397	0.0	-0.0008223901447395758	0.46305550843821874
-33.463298943927796	-74.96103794031723	0.43638752844414797	0.0	-9.336916401541844e-05	1.5879576807499143	-0.47938505528982633	0.0	0.00018375660099459194	0.5057065707343689
-25.339462098721505	-77.9751967859431	0.3365203437637959	0.0	0.0	1.3841464588666381	-0.3385783840949177	0.0	0.0	0.5959514821062817
-17.051791702303355	-80.48689008549736	0.22565609582328036	0.0	0.0	1.2322802365707688	-0.1809477663885937	0.0	0.0	0.6733388294564773
-8.660326994944725	-82.47213866872696	0.107899024191992	0.0	0.0	1.0995283077719944	-0.004339523864086816	0.0	0.0	0.7455634450726374
-0.10443073927317753	-82.92784685835986	0.07349394393893048	-1.4243100545591654	0.0	-0.02142219578395884	0.022751624800122567	-0.8867419904950966	0.0	-0.006844756884782613
8.454666383632974	-82.18782738408186	-0.011608288146989974	-1.0784510029625878	0.0	0.0	0.07260189765009596	-0.7375319792204659	0.0	0.0
16.906479626321037	-80.44751426592966	-0.12950538523320096	-1.2356896646690945	0.0	0.0	0.2328798667598992	-0.6605824165911895	0.0	0.0
25.275409440872686	-78.20981803545483	-0.24366118540349832	-1.40511096025657	0.0	0.0	0.37955914164705823	-0.5807356710099223	0.0	0.0
33.50673200257258	-75.43822868506057	-0.3537253617995502	-1.6136571901516832	0.0003440272114905794	0.0	0.5251665349151765	-0.5045720325252311	2.3032698815836827e-05	0.0
41.249845020305365	-71.39899573896584	-0.3566220269996883	-1.4212040547280225	0.0039054618201956044	0.0	0.524484685738488	-0.43748237209757895	0.0013380570324500634	0.0
48.46210097984358	-66.58846681491752	-0.3973477052142842	-1.2091526586770875	0.0023784256082691546	0.0	0.5119585534354082	-0.3720801046563391	0.0007243472211333089	0.0
55.02999371286572	-61.09295631707197	-0.44204564972948485	-1.0770545984744946	-0.0010476131999242284	0.0	0.4982034660655569	-0.3316815822867051	-0.0005418925924599324	0.0
60.850228775457204	-55.04372337380194	0.0031544872368344727	1.1361008995508284	-0.4866251890636727	0.0	0.0012041767965126344	0.34964828932463154	0.4845651247811632	0.0
66.18506163117051	-48.372187280661265	-0.0006130278341940774	1.2817554840755505	-0.4636472831535292	0.0	1.7233759146664275e-05	0.3946678233488926	0.4915530251968964	0.0
70.92148670046326	-41.152204287760135	-0.002230842014727812	1.5040101281102694	-0.44395031514381816	0.0	-0.0008245321179144409	0.46307859377992117	0.4976360100827803	0.0
74.96001707423427	-33.46375507617992	-9.3890740108665e-05	1.588192414500511	-0.43629120860600684	0.0	0.00018346720506627197	0.5056828474204925	0.47935844796679866	0.0
77.97405284246825	-25.33988596570041	0.0	1.384091617812921	-0.3365313416729701	0.0	0.0	0.5959597872371573	0.338591713787733	0.0
80.48569512491869	-17.052147060986343	0.0	1.2323955598252694	-0.22561296478011053	0.0	0.0	0.6732927023872664	0.18089565153966564	0.0
82.47100937899066	-8.660616438190734	0.0	1.0990682540513712	-0.10798615379967941	0.0	0.0	0.7457617789024462	0.004541777799482312	0.0
