x1 x2 rho11 rho12 rho13 rho14rho21 rho22rho23 rho24
82.67867557132477	-0.10568813114549894	0.0	-0.022521245466468533	-0.07520518477002101	1.4440040141421775	0.0	-0.006809844759377271	-0.02326052434720237	0.8928097986282302
81.94471334665019	8.429111222436397	0.0	0.0	0.01183685516236848	1.0807674502253164	0.0	0.0	-0.0741881719113954	0.7395609516128558
80.21156844251522	16.85693183137577	0.0	0.0	0.1407812550371579	1.2088852327319737	0.0	0.0	-0.24732509257291513	0.672211311245486
77.98523132630895	25.203376768775808	0.0	0.0	0.25092971785929297	1.394352342441722	0.0	0.0	-0.38841033362723615	0.5876798705435461
75.21546720637924	33.41271328415244	0.0003365481148649736	0.0	0.3520720786482096	1.635197330218941	0.0002870425431044139	0.0	-0.5239885056669435	0.5034438914111691
71.19098685378793	41.13081801659924	0.0040795748528298665	0.0	0.35569085217507257	1.429765960766461	0.0012082914387707298	0.0	-0.5248202772841034	0.4401503112965212
66.39023487804819	48.319379439136895	0.002369384705750205	0.0	0.396568231376418	1.219272142834738	0.0009607770794460748	0.0	-0.5122515849723261	0.3751944650671456
60.90939820534968	54.86486989448843	-0.0011247685630589085	0.0	0.4414555654042953	1.0893502437369884	-0.00038826325735864787	0.0	-0.4983718243604334	0.33532301793168046
54.88248770420686	60.66268071752742	-0.4870214880261103	0.0	-0.0032863076477011774	-1.1487310781206852	0.48427019503455293	0.0	-0.0010155269070268827	-0.35378147220001815
48.230159083700414	65.98729952071913	-0.46434348317845675	0.0	0.0005549743946447962	-1.2938923569047267	0.4913395766512856	0.0	0.00022621717315403063	-0.39819137950622124
41.03421860332868	70.71158958462536	-0.44482700796033925	0.0	0.002351593172085913	-1.514518053883341	0.49739009067421514	0.0	0.0006797412503918196	-0.4663278038488079
33.37252878538353	74.74958466996385	-0.4394278802580535	0.0	3.7191698495665594e-05	-1.595436497731581	0.48264991900721643	0.0	4.125650058762922e-05	-0.5086813288567658
25.268908247300764	77.7453806947473	-0.3370249775793738	0.0	0.0	-1.3952513641504802	0.33818509578219197	0.0	0.0	-0.5960098844616994
17.004072531004187	80.24611276600466	-0.23761935845620316	0.0	0.0	-1.2075720983231897	0.19395466804190384	0.0	0.0	-0.6841659307953503
8.635604504967816	82.21921120385434	-0.12320298310470508	0.0	0.0	-1.058533581303617	0.022955148166697498	0.0	0.0	-0.7613020255171317
0.10576199841586002	82.6772996472749	-0.07522720612983275	1.444699993193084	0.0	0.02196029164109558	-0.023341898168283196	0.8929866490058292	0.0	0.006981295409508329
-8.428152304454358	81.9436337277866	0.011814620557252744	1.0806371313139167	0.0	0.0	-0.07419635441254928	0.7395399728404012	0.0	0.0
-16.853859723451034	80.20522792838288	0.14080174473639195	1.2086358438042704	0.0	0.0	-0.2473931280872758	0.6722488513404541	0.0	0.0
-25.196676103759984	77.97164556812561	0.25087772628735544	1.3943214122472858	0.0	0.0	-0.3883765863525183	0.5876414552390091	0.0	0.0
-33.40342004322331	75.21008689782141	0.35448117016748704	1.613961747118034	-0.0004091215898937971	0.0	-0.5237424702094783	0.5055608390028226	-7.873258022332807e-05	0.0
-41.12480836796623	71.18080179281182	0.35565314532848197	1.4295765528977316	-0.004085434180282109	0.0	-0.5247884178397048	0.44006845138444584	-0.0012139620504917053	0.0
-48.31718910586292	66.3868600851923	0.3965443494139141	1.2190062005891764	-0.002508080874396562	0.0	-0.5122248075595596	0.37512004060152426	-0.0005396611256977715	0.0
-54.86386858993239	60.908960180711674	0.44144965689837323	1.0890483068782828	0.0011172214741983248	0.0	-0.498426335229578	0.3353047983589849	0.0003800104660430974	0.0
-60.662168319927645	54.8825235808792	-0.0032932421772577116	-1.1489953217347246	0.48700614145686916	0.0	-0.0010202951924191254	-0.35384549368157675	-0.48431216354074696	0.0
-65.98670401834096	48.23047077596347	0.0005488071992402131	-1.294177714150988	0.46431537413522195	0.0	0.00022225193609585634	-0.3982295678027611	-0.4913468949179477	0.0
-70.71071868559443	41.03463028000228	0.002346240663001088	-1.5147761751411426	0.44480410757834954	0.0	0.0006757052612875976	-0.4663418780728101	-0.4973717002832764	0.0
-74.74881088330437	33.3729468798351	3.656931273109182e-05	-1.5950718740988716	0.439603013347844	0.0	4.028474040932437e-05	-0.508746914442508	-0.48273237856833673	0.0
-77.74446376870677	25.269237961883324	0.0	-1.395377989363058	0.3370033059065745	0.0	0.0	-0.5960152980847813	-0.3381910783302299	0.0
-80.24506822965098	17.004320399047916	0.0	-1.2071554320711402	0.23778004245832704	0.0	0.0	-0.6843376732770039	-0.19419591967036404	0.0
-82.21797057317525	8.635770954654724	0.0	-1.059397429931172	0.12293974538064474	0.0	0.0	-0.7610824658100601	-0.022641210513528985	0.0
-82.67837218009166	0.10605120649538909	0.0	0.02248384453322972	0.07520511555836087	-1.4438651705090804	0.0	0.0068031885826353895	0.023211679253843553	-0.8927318350412281
-81.94186746698034	-8.427929800521909	0.0	0.0	-0.011748606620879776	-1.0809901905340937	0.0	0.0	0.07407702884115709	-0.7394894522404223
-80.20148194799171	-16.853101163042286	0.0	0.0	-0.14081340866611214	-1.2087286155252148	0.0	0.0	0.24736307107462935	-0.6722385495300729
-77.96355595438133	-25.19463004467892	0.0	0.0	-0.2509333764670845	-1.394274051627039	0.0	0.0	0.3884043404040403	-0.58767474448352
-75.18829690138885	-33.397897246902936	-0.00043131225323840593	0.0	-0.3520195832413241	-1.612243889745452	-0.00010020633720135552	0.0	0.5151086191826406	-0.5000384144678892
-71.17464533915548	-41.12357920589531	-0.004090739432594613	0.0	-0.35569005614937477	-1.4296174974543558	-0.0012174880576922057	0.0	0.5247769059301662	-0.4400977436556153
-66.38476703565895	-48.31745148441159	-0.0025132337233569144	0.0	-0.396567264200151	-1.2191017045540267	-0.000542420788689624	0.0	0.5122081230661908	-0.37514274000046577
-60.90792328501603	-54.86453456942984	0.001112897113074089	0.0	-0.4414692933164453	-1.0891337469164213	0.00037643543176383014	0.0	0.49837753679363567	-0.33530226802802116
-54.88246025344407	-60.665678858881556	0.48702594155992474	0.0	0.003346968317014104	1.1498523278274577	-0.4844032370935602	0.0	0.0007980217180541902	0.353723721013069
-48.23245118588038	-65.9874883740123	0.46429451680238026	0.0	-0.0005575237301173154	1.2941451125797945	-0.49132177165451174	0.0	-0.00022993991402043472	0.3981867655155549
-41.0340199730047	-70.71208183693196	0.44475924092344216	0.0	-0.0023536859623948347	1.514819623095204	-0.49731208037627855	0.0	-0.0006832526622833193	0.4662767580089509
-33.37254864570686	-74.74965315224124	0.43936296448495754	0.0	-3.7298152055487905e-05	1.5956566616399606	-0.4826440025095458	0.0	-4.162025506588394e-05	0.5086784255971365
-25.268859292130198	-77.74551342770839	0.33701141969966203	0.0	0.0	1.395306543695269	-0.33819824070273186	0.0	0.0	0.5960213350459229
-17.003972605079007	-80.24626096385711	0.23773956210345878	0.0	0.0	1.2072283812655038	-0.1941402997176398	0.0	0.0	0.6842987881742468
-8.635409273303187	-82.2193895988166	0.12315143639412268	0.0	0.0	1.0586794017386247	-0.022923859753425684	0.0	0.0	0.7612832489176197
-0.10531972865796205	-82.67812771487749	0.0751740366106255	-1.4448898929913196	0.0	-0.021928426420745953	0.023321224960719172	-0.8930619931258894	0.0	-0.006976291357982431
8.42944645256642	-81.94624672001954	-0.011882435789898307	-1.0806056603684042	0.0	0.0	0.07423502484304527	-0.7395668041064517	0.0	0.0
16.85736996042829	-80.21337625723646	-0.14080394626825288	-1.2088066956830874	0.0	0.0	0.24735031421454823	-0.6722205764950906	0.0	0.0
25.203617101250277	-77.98642096675785	-0.25098191033703215	-1.394199350072597	0.0	0.0	0.3884646320950623	-0.5877202541423269	0.0	0.0
33.413035193043235	-75.21946385761373	-0.3524589606725639	-1.6366192334564833	0.00033882658851882593	0.0	0.5259479274966655	-0.5046537815815029	0.000288988502490472	0.0
41.13115203125026	-71.19228039131747	-0.3556974083915672	-1.4297634712652212	0.004084970975172196	0.0	0.5247968378000953	-0.4401355790658982	0.0012118398361413369	0.0
48.321321029940044	-66.39167475627633	-0.3965682774453973	-1.2192838723268964	0.0025070610435902335	0.0	0.5121907477626848	-0.37515139965825056	0.0005386187633950961	0.0
54.864583811243726	-60.910420663809	-0.4414772788006635	-1.0893113759548456	-0.0011186676626760953	0.0	0.4983749179187901	-0.33533109995903626	-0.00038263285285105724	0.0
60.664873855565034	-54.883939005491165	0.0033444316339600764	1.1496778796367635	-0.4870371844827761	0.0	0.0007959272701351534	0.35368559354605567	0.48436816284780654	0.0
65.98665897727808	-48.23082185820604	-0.0005608747361100585	1.2939589081040883	-0.4643084310844039	0.0	-0.00023217689897081918	0.39815191638767616	0.4912980897625524	0.0
70.71066823226505	-41.03479363141948	-0.002357851804278489	1.5145494585397756	-0.4447977171391807	0.0	-0.0006863189680347438	0.46626799199597896	0.4973236668800217	0.0
74.74864980940147	-33.37298784556717	-3.8148948441959926e-05	1.594920269070306	-0.4396176254093432	0.0	-4.166211458915526e-05	0.5087399570776852	0.48272942813538045	0.0
77.74435484260513	-25.269289419134378	0.0	1.3953211533097925	-0.3369895331185825	0.0	0.0	0.5959981763010269	0.33817080038964903	0.0
80.24505849216312	-17.00435824430494	0.0	1.20702512930266	-0.2377963418243157	0.0	0.0	0.6843481442235525	0.19421138616627776	0.0
82.2181388307213	-8.635721254832562	0.0	1.0595589646571362	-0.1228680204854234	0.0	0.0	0.7610012769293062	0.02253596015093766	0.0
