x1 x2 rho11 rho12 rho13 rho14rho21 rho22rho23 rho24
92.25335121923895	-0.041091033308384144	0.0	-0.0059595369763954156	-0.01851352187428616	0.5472665591931549	0.0	-0.0018153210886811678	-0.005726035165665286	0.6168425745397379
91.44883064146269	9.498499330620037	0.0	0.0	0.0408986467084637	0.6218300156273847	0.0	0.0	-0.04064009745779168	0.6225069015250336
89.33738069238257	18.85990243834758	0.0	0.0	0.13034666131586056	0.7071665559360559	0.0	0.0	-0.16555423408001674	0.5524433351642775
86.60363708554674	28.085238695915752	0.0	0.0	0.21728207379045816	0.798660477649505	0.0	0.0	-0.2835915669938351	0.47964455206827594
83.3822675742511	37.160936150481376	0.0	0.0	0.30079255350590106	0.9029272576948838	0.0	0.0	-0.3932941496847419	0.39897052206343653
79.59777411454434	46.01120860638266	0.0	0.0	0.38687579183793325	1.00852314120504	0.0	0.0	-0.5114138178011585	0.3207007958270635
74.40275331356564	54.13138457395478	0.0004474674984443825	0.0	0.4231338916740236	0.7726203505063352	0.0002954202995578835	0.0	-0.5040155717980465	0.2380158696588076
68.37920766274772	61.58440582618549	-0.0002623418084994231	0.0	0.4609032526119708	0.5776190197631367	5.276935285091736e-05	0.0	-0.49240283949968916	0.17776231259520098
61.53391456842944	68.20735439722102	-0.4727031655991054	0.0	-0.0009377892796258955	-0.5925519563208391	0.48876221380466456	0.0	-0.0004560577712615905	-0.18246358989998138
53.97966938860312	74.08873611822351	-0.44192705730729687	0.0	9.524254015627513e-05	-0.7934760468426347	0.49817284038144594	0.0	-7.513038775424296e-05	-0.2440644690520498
45.819100609658065	79.18673908571535	-0.407403676433031	0.0	0.0	-1.013377684122979	0.4863577764189756	0.0	0.0	-0.3208883556296881
37.07374148808597	83.17450978531272	-0.3286386267712753	0.0	0.0	-0.8962684075056946	0.3771918456322863	0.0	0.0	-0.4088818762808212
28.08069051773641	86.6110478143215	-0.24591228084397493	0.0	0.0	-0.7968181103733805	0.26152898372784017	0.0	0.0	-0.4869512672297728
18.918930618815157	89.55252394484646	-0.1597963712004256	0.0	0.0	-0.7093550353751031	0.13945203585993873	0.0	0.0	-0.5589567716333055
9.597950455513047	91.82417053069854	-0.07174067345472401	0.0	0.0	-0.6241939970902205	0.013162496707234225	0.0	0.0	-0.6307539508632454
0.04111479908993055	92.25356482822968	-0.01849028035600859	0.5481426748288017	0.0	0.005392576350507078	-0.005837129198080241	0.6171439518229752	0.0	0.0019861017054772253
-9.498512614919443	91.45061802538928	0.04088716278415743	0.621823305234672	0.0	0.0	-0.040627014057278615	0.6224752815707443	0.0	0.0
-18.859903547055374	89.33896870978826	0.13032548031011937	0.7072067091607348	0.0	0.0	-0.1655156600806887	0.5523995926754818	0.0	0.0
-28.08520818156502	86.60499522432725	0.21729148397212447	0.7985910235734349	0.0	0.0	-0.28363050692750635	0.47967379599962007	0.0	0.0
-37.1608544947151	83.38338014893382	0.3007881864948881	0.9029074201546611	0.0	0.0	-0.3932956666774344	0.39896497902771055	0.0	0.0
-46.01105336491128	79.59864068837167	0.3868860577448716	1.0084676066223122	0.0	0.0	-0.5114506126989725	0.32072293487910436	0.0	0.0
-54.13109878793816	74.40328232838478	0.4231434624816057	0.772552974493581	-0.0004473289457123685	0.0	-0.5040338059794288	0.2380247596260535	-0.0002960503920063877	0.0
-61.5840201670497	68.37966458162275	0.4609008209306313	0.577600843877774	0.00026195939293231833	0.0	-0.49240426392938963	0.17775676039572053	-5.3237218023506535e-05	0.0
-68.20687759645972	61.53430220952455	-0.0009385769354634282	-0.5925991307809483	0.47269259381721235	0.0	-0.00045721538684748153	-0.18244390381321754	-0.4887337502236835	0.0
-74.0880851630523	53.97995399156167	9.489639891370386e-05	-0.7934876586196268	0.4419267981102994	0.0	-7.542174248990162e-05	-0.24407374804245238	-0.4981813362603178	0.0
-79.1858539148214	45.8192570883789	0.0	-1.013413596025028	0.4073947652074979	0.0	0.0	-0.32087692003414087	-0.4863421687404378	0.0
-83.17336274331763	37.07383314409875	0.0	-0.896245819038802	0.32864867194338354	0.0	0.0	-0.408914120701723	-0.37722973362753703	0.0
-86.60964392819079	28.08072863474225	0.0	-0.79688790399771	0.24589385090018875	0.0	0.0	-0.48691720866534477	-0.26149412800038185	0.0
-89.55087655413824	18.91892950054369	0.0	-0.7093057136919373	0.15980828024031574	0.0	0.0	-0.5590011511477727	-0.13950060420000132	0.0
-91.82232807806076	9.59793053095368	0.0	-0.6241595025944027	0.07174619354156364	0.0	0.0	-0.6308038418048527	-0.01320235011960449	0.0
-92.25334443117573	0.04109193545160196	0.0	0.005959234838673549	0.018502072241377343	-0.5472097494310684	0.0	0.0018151193515442386	0.00576081267867789	-0.616897656195729
-91.44883641981502	-9.49849695858505	0.0	0.0	-0.040899305948488195	-0.6218314309416368	0.0	0.0	0.04063982442113059	-0.6225080925500678
-89.3373750729485	-18.859896208755227	0.0	0.0	-0.13034608234315706	-0.7071726109855319	0.0	0.0	0.16555062948038055	-0.5524394462439344
-86.60362413734497	-28.08522716302527	0.0	0.0	-0.2172845434824791	-0.7986550690586232	0.0	0.0	0.2835956752299712	-0.4796480891207044
-83.38224609372179	-37.16091587490761	0.0	0.0	-0.3007933835986943	-0.9029275836730658	0.0	0.0	0.393293870587432	-0.39897050439798465
-79.5977360671914	-46.0111754675402	0.0	0.0	-0.3868779313573571	-1.0085201068278578	0.0	0.0	0.5114165804458102	-0.3207035391111529
-74.40268145591745	-54.13132203162555	-0.0004475097973880149	0.0	-0.42314002725740324	-0.7726077106464059	-0.00029547562842065017	0.0	0.5040331779935339	-0.23803024799410108
-68.3791208577327	-61.58432722238725	0.0002624594729880753	0.0	-0.4608953205980095	-0.577645011866628	-5.340190493734385e-05	0.0	0.4923750502407833	-0.17773937047630806
-61.53385536750264	-68.20733761739058	0.47270307574235	0.0	0.0009377189499694147	0.5925500353765961	-0.48876239800165017	0.0	0.00045596137553571186	0.18246336245903344
-53.97860179478231	-74.08871047101388	0.4419544435882492	0.0	-9.536247537435328e-05	0.7934033451603051	-0.4982620575087046	0.0	7.491643459504459e-05	0.2441336334168935
-45.81906269536022	-79.18672453132692	0.40740287716946316	0.0	0.0	1.0133778910941733	-0.4863560611837063	0.0	0.0	0.3208868504725179
-37.073725675512904	-83.17449158871479	0.3286394552511091	0.0	0.0	0.896263982424705	-0.3771945237759942	0.0	0.0	0.4088843318150713
-28.080686324422377	-86.61104258481956	0.24591006705977758	0.0	0.0	0.7968243871526312	-0.2615235816757839	0.0	0.0	0.4869471393847431
-18.918935520787272	-89.55252976297524	0.1597979105101611	0.0	0.0	0.709347041071666	-0.13945636794308455	0.0	0.0	0.5589624257380658
-9.59796209073029	-91.8241899480593	0.07174163063801439	0.0	0.0	0.6241875856853145	-0.013165561250203513	0.0	0.0	0.6307606875532767
-0.04113160046785339	-92.25355954514531	0.018483968321535486	-0.5481130688930641	0.0	-0.0053929621777373225	0.0058571497026112095	-0.6171778971061467	0.0	-0.0019860505791412754
9.498488501281997	-91.45061242484006	-0.040887076823171116	-0.621826487508896	0.0	0.0	0.04062633210857538	-0.6224718767293389	0.0	0.0
18.859873377853546	-89.33895532380792	-0.13032538100733668	-0.7072101758419954	0.0	0.0	0.16551511316687706	-0.5523986726207418	0.0	0.0
28.085171008868034	-86.6049783812047	-0.2172914397388471	-0.7985942383279742	0.0	0.0	0.28363008955155217	-0.4796734538514973	0.0	0.0
37.16081081308109	-83.38335840298726	-0.30078827221621524	-0.9029109021341422	0.0	0.0	0.3932959528344517	-0.3989657728396383	0.0	0.0
46.01100530402834	-79.59859984451244	-0.38688238206269887	-1.008481096382888	0.0	0.0	0.5114420749590911	-0.32071672964636916	0.0	0.0
54.131074789443005	-74.40340365142124	-0.4231269698693604	-0.7726166482073357	0.0004473777898126233	0.0	0.504006042841775	-0.23800036497169155	0.00029596912030271	0.0
61.584850169046724	-68.37965175350855	-0.460890379255104	-0.5776315105091787	-0.00026221984123097144	0.0	0.4923701774258813	-0.17772997383895547	5.3363233071560624e-05	0.0
68.20678827460355	-61.53426266098735	0.0009387943247739794	0.5925623663569217	-0.4727048516402825	0.0	0.0004561977542667297	0.18247617746481995	0.48877147946264593	0.0
74.08803812937856	-53.979916055227925	-9.495811821227301e-05	0.7934697200189039	-0.4419335099934861	0.0	7.54228771825359e-05	0.24408863011982476	0.49820101832233826	0.0
79.18580747876636	-45.8192455460106	0.0	1.0134093106631936	-0.4073956139002758	0.0	0.0	0.3208770938303243	0.4863424119941212	0.0
83.17333407173427	-37.07381609842998	0.0	0.8962441212598106	-0.3286486282576094	0.0	0.0	0.40891208277204943	0.3772274740707063	0.0
86.60962644697615	-28.080719023798355	0.0	0.7968864252157467	-0.24589396848480477	0.0	0.0	0.4869160115944644	0.2614923984636001	0.0
89.55087034819591	-18.91892627726838	0.0	0.7093004671053867	-0.15980941396005718	0.0	0.0	0.5590028888856046	0.1395014945738561	0.0
91.82232524604751	-9.597930240006166	0.0	0.6241567150859789	-0.07174670498945229	0.0	0.0	0.630802941755893	0.013201515382130434	0.0
