x1 x2 rho11 rho12 rho13 rho14rho21 rho22rho23 rho24
93.33441477251402	-0.03252696003414794	0.0	-0.004432619088753261	-0.01381522413916087	0.429713464673533	0.0	-0.0013954803623501134	-0.004412396616882685	0.5806761639463062
92.53871076120122	9.624158396141548	0.0	0.0	0.04448985600184451	0.5238240155769562	0.0	0.0	-0.03621915130254123	0.5867171631805157
90.40395765787534	19.09753749292391	0.0	0.0	0.13085674393668525	0.5993674969885412	0.0	0.0	-0.15402249143554222	0.5207452763262067
87.60452061043594	28.421392236997608	0.0	0.0	0.2158085861032556	0.6774538202926652	0.0	0.0	-0.26853642426920943	0.4537864642817778
84.2821135352796	37.58072603127712	0.0	0.0	0.2998991305189433	0.7593702692495135	0.0	0.0	-0.38265461916751076	0.38561552389622
80.38009228724151	46.49999139483875	0.0	0.0	0.37915761182053154	0.8608218220831113	0.0	0.0	-0.4862660084804725	0.3043175431291632
75.28655488121248	54.80283271547313	0.00028455651979516263	0.0	0.4254471192303048	0.7128760472230752	0.0002617085113838423	0.0	-0.50327905895443	0.21961806604899284
69.2590335078536	62.39162734218239	-0.00010435366055347807	0.0	0.46257590833774564	0.5119332642379517	-0.00015858865423241527	0.0	-0.49177741963335053	0.1576170082995976
62.33487766396552	69.10631290098961	-0.4715411610570797	0.0	-0.000773836177038066	-0.523557677821575	0.4890721814349403	0.0	-0.00018929550085598632	-0.16117752772270208
54.65993654006196	75.01569388872592	-0.4401248182724519	0.0	3.535652578513276e-05	-0.729010719159076	0.49884385177915497	0.0	3.134994025295128e-05	-0.22441054857948303
46.34812272861301	80.07037583094332	-0.39767238549817363	0.0	0.0	-0.8567088565123767	0.47404572554394603	0.0	0.0	-0.3107162100394188
37.50850432490719	84.13299833820649	-0.31930513486629586	0.0	0.0	-0.7592725602076685	0.36489831539215145	0.0	0.0	-0.38928412597661116
28.41640779129858	87.63307453623182	-0.23742349683457623	0.0	0.0	-0.6759928290816558	0.250949087867425	0.0	0.0	-0.4596838996700142
19.14577075136296	90.60680127269391	-0.15342940296428803	0.0	0.0	-0.5995392317363047	0.13432361278397867	0.0	0.0	-0.5268002084816776
9.70568753231339	92.8738559426125	-0.06796669469314719	0.0	0.0	-0.5245130210837419	0.015512378158875519	0.0	0.0	-0.5943611051546274
0.03249161487352021	93.33926348843154	-0.013866091629809327	0.4308512039635649	0.0	0.004427427211655759	-0.004279588922871681	0.5810860418768479	0.0	0.0013900439112196513
-9.62418459853556	92.54056925205634	0.04449377208158211	0.5237521084594787	0.0	0.0	-0.036249598304726315	0.5867418426549385	0.0	0.0
-19.09756362227044	90.40560791192583	0.13084178957195536	0.5993884893264781	0.0	0.0	-0.1539950757224399	0.5207089057661805	0.0	0.0
-28.421396460039922	87.60592217955467	0.21581528546816597	0.6773964630660215	0.0	0.0	-0.26856906795777397	0.4538118588538566	0.0	0.0
-37.58068829227268	84.28324664029299	0.2999013142193053	0.759333764763666	0.0	0.0	-0.38267489678391864	0.38562820797756375	0.0	0.0
-46.499879792094916	80.3809364672556	0.3791465744162547	0.8608255400081272	0.0	0.0	-0.48624584229156664	0.3042950762642807	0.0	0.0
-54.80481437339803	75.29067365105576	0.42548901788961774	0.7137083525097571	-0.00034945361518752945	0.0	-0.5034226712060259	0.219548848876345	-4.831791535247549e-05	0.0
-62.39124855675883	69.25941939153205	0.4626090971504398	0.5118261499297552	0.00010402857528932472	0.0	-0.4918937258631058	0.1577015106950665	0.00015824026832334946	0.0
-69.105913725162	62.335176380088015	-0.0007745323797550444	-0.5235010943624371	0.47157020179472453	0.0	-0.00019019425293923437	-0.16125728591984306	-0.48917193992786856	0.0
-75.0150173253691	54.6601653593054	3.508477679381962e-05	-0.7290106662305713	0.4401285207362982	0.0	3.108338547635361e-05	-0.22442852285903098	-0.49886421638078804	0.0
-80.06953595457382	46.348245768155685	0.0	-0.8567398185547819	0.39766495164124227	0.0	0.0	-0.3107067475414589	-0.47403321700482803	0.0
-84.13186679656515	37.50857026603857	0.0	-0.7593231621172322	0.3192914181302809	0.0	0.0	-0.38926031002371586	-0.3648718304338482	0.0
-87.63165635635812	28.41642315787888	0.0	-0.6760474515242901	0.237409484196826	0.0	0.0	-0.45965608365119937	-0.2509222826056185	0.0
-90.60510592419097	19.14574994951531	0.0	-0.5995174237792075	0.15343442483139688	0.0	0.0	-0.5268329995088011	-0.13435511854771698	0.0
-92.87193105052535	9.705653583857352	0.0	-0.5245908547563838	0.06794884588877703	0.0	0.0	-0.5943232109726321	-0.015480547169864481	0.0
-93.33443209813178	0.032526164863904486	0.0	0.004432394941652372	0.013812244743699562	-0.4296993874978313	0.0	0.001395332126524477	0.004420138206771243	-0.5806888433440429
-92.5387049432396	-9.624158056616183	0.0	0.0	-0.04449015131201247	-0.523826376829094	0.0	0.0	0.03621810367181907	-0.5867171139988006
-90.40395423062243	-19.097536465257487	0.0	0.0	-0.1308567333722374	-0.5993706784360535	0.0	0.0	0.15402054728624215	-0.5207428603260421
-87.6045174496181	-28.421389155674657	0.0	0.0	-0.21581014752344965	-0.6774510348894719	0.0	0.0	0.26853884610371825	-0.45378871089004424
-84.28210619162022	-37.58071900856286	0.0	0.0	-0.299900239438101	-0.7593693707268405	0.0	0.0	0.3826557634643188	-0.38561684653733247
-80.38007231437659	-46.49997489918751	0.0	0.0	-0.37915778646956716	-0.8608236634353715	0.0	0.0	0.4862642266348863	-0.3043165861774
-75.28645510308927	-54.802759460802115	-0.000284575543891329	0.0	-0.42544756233132675	-0.712877416265841	-0.00026169684998623776	0.0	0.5032784808075292	-0.21961833732621897
-69.25897327645069	-62.3915564656162	0.00010445552255875193	0.0	-0.4626028847981121	-0.5118686720955189	0.00015808268039519294	0.0	0.49186349993962336	-0.15768269550913405
-62.334766984965604	-69.10623032417122	0.4715409641159007	0.0	0.0007737690080138664	0.5235564070542844	-0.4890719387111262	0.0	0.00018920485537019476	0.16117702925845262
-54.660795687441144	-75.0156223163478	0.44007804231930464	0.0	-3.548335447660372e-05	0.7291292295081319	-0.49869194251067694	0.0	-3.141892736613033e-05	0.22429212065486903
-46.348105380429885	-80.07036898227496	0.3976717711777591	0.0	0.0	0.8567090609423763	-0.47404452364965627	0.0	0.0	0.3107151162959652
-37.508503078002825	-84.13299418967262	0.3193041967608486	0.0	0.0	0.7592739740573112	-0.3648962082601337	0.0	0.0	0.389282396820647
-28.416410610249518	-87.63307662348474	0.23742230492999347	0.0	0.0	0.6759957149406776	-0.25094608557959025	0.0	0.0	0.4596816178396962
-19.145775852912518	-90.6068077538578	0.15342985108944102	0.0	0.0	0.5995358632271007	-0.1343252688309665	0.0	0.0	0.5268032639349787
-9.705697061282732	-92.87386666363254	0.06796503742971222	0.0	0.0	0.5245194222342165	-0.015507678961350734	0.0	0.0	0.5943575518558227
-0.032494338944960094	-93.3392526938798	0.013876293439000454	-0.4309063660874644	0.0	-0.004427767829625226	0.004245936848367921	-0.5810373927527089	0.0	-0.0013900099437780444
9.624165412332976	-92.54056327550494	-0.04449488138634232	-0.5237494883219239	0.0	0.0	0.036252598788632635	-0.5867441053276828	0.0	0.0
19.09753524825697	-90.40559853887773	-0.13084197045905427	-0.5993904910738991	0.0	0.0	0.1539953288831856	-0.520708979902902	0.0	0.0
28.4213585111587	-87.60590719605263	-0.21581515834545928	-0.6773995813213413	0.0	0.0	0.26856846220029557	-0.4538113463495454	0.0	0.0
37.5806406689021	-84.28322682397734	-0.2999007903830656	-0.759338316653682	0.0	0.0	0.38267320446966857	-0.3856269996870599	0.0	0.0
46.49982890446542	-80.38090970608484	-0.37914807756562485	-0.8608245303245872	0.0	0.0	0.4862504732311874	-0.3042992903708156	0.0	0.0
54.80254511589476	-75.28713346499893	-0.42544777209899914	-0.712855559345555	0.00028442600689370745	0.0	0.5032928527588505	-0.2196210115163288	0.00026231244352022587	0.0
62.391203161581444	-69.25940449975174	-0.46259963758613404	-0.5118535534234042	-0.00010422490620904633	0.0	0.49186279641677166	-0.15767733300103992	-0.00015816152894443315	0.0
69.10585505126123	-62.33512741762507	0.000774763946266224	0.5235527836317402	-0.47154798334099246	0.0	0.00018917625583097532	0.16120313999640296	0.48909799975685875	0.0
75.01494194319793	-54.660111593436525	-3.519099474998362e-05	0.7290183616539465	-0.44012571956965485	0.0	-3.103503530611895e-05	0.22441937264849562	0.4988531786306364	0.0
80.06948645409358	-46.348228261358265	0.0	0.8567364287829765	-0.3976656126416311	0.0	0.0	0.31070677516847184	0.4740332615260204	0.0
84.13184100761057	-37.50855848213351	0.0	0.7593192885149775	-0.3192921982678052	0.0	0.0	0.3892605729357799	0.36487213934784557	0.0
87.63164253794572	-28.41641947130953	0.0	0.6760454789969711	-0.23740976812881412	0.0	0.0	0.45965543972291495	0.2509213012061804	0.0
90.60510386555575	-19.14574983307369	0.0	0.5995144049483014	-0.15343499021953452	0.0	0.0	0.5268334421370496	0.1343549134696797	0.0
92.87193785754494	-9.705654843571757	0.0	0.5245873188220205	-0.06794948715206256	0.0	0.0	0.5943232065304589	0.01548057127171093	0.0
