x1 x2 rho11 rho12 rho13 rho14rho21 rho22rho23 rho24
83.42051784778947	-0.10271316287076697	0.0	-0.02043569860519161	-0.07010569471050854	1.3818752190313328	0.0	-0.006590934405203299	-0.02178729868214603	0.8736805679710247
82.6730367721108	8.505511141207004	0.0	0.0	0.00799796806793032	1.0842162935679018	0.0	0.0	-0.06486471901906589	0.7298920191724328
80.91096660006917	17.003681542553714	0.0	0.0	0.1404250757092558	1.1900548534079003	0.0	0.0	-0.24455888911877585	0.668858393979204
78.64832807171776	25.417205639013336	0.0	0.0	0.23830349245607085	1.400933927103053	0.0	0.0	-0.3711882376405549	0.5740824969466654
75.85388817753528	33.69185648238274	0.00025629732245132893	0.0	0.3529478553613512	1.5750073627649286	-5.223201215891649e-05	0.0	-0.5157535977731175	0.4969653574607356
71.80590326728841	41.48600270845693	0.0036820155001445675	0.0	0.3584773307846327	1.4038710050416572	0.001168161808896823	0.0	-0.5239285238153714	0.43218733317112606
66.97853320627924	48.747348153967	0.002256248573446589	0.0	0.39888912637316093	1.1887850213240327	0.0006686546417681005	0.0	-0.5114886003073251	0.3659036887297067
61.4594939625681	55.36061684199983	-0.0011038941367091134	0.0	0.44316172058699205	1.0534894373233497	-0.0002177136286488104	0.0	-0.49785841223212424	0.3241875310245301
55.36952755327662	61.22149823064856	-0.48576014726679684	0.0	-0.003039258661085864	-1.1090025554528902	0.48477921891380493	0.0	-0.0011630749959880202	-0.34142615015077454
48.65257754685136	66.58361824983687	-0.4623315404248293	0.0	0.0005204327150507304	-1.2582541426508853	0.49197902195348187	0.0	0.00012362628063196905	-0.3874537619542036
41.38409065979379	71.33628723177601	-0.4422151913104565	0.0	0.0021104259552618006	-1.4829415355368178	0.4980858178432857	0.0	0.0006763404755439577	-0.45654829745831843
33.65193675108469	75.40481807682299	-0.4449967613642134	0.0	0.0	-1.5411924684477971	0.49102233163574843	0.0	0.0	-0.5135549513679343
25.477891928489758	78.4257036996613	-0.3362137790012844	0.0	0.0	-1.3593335131100965	0.34021052337390795	0.0	0.0	-0.5964578145218058
17.1462311172889	80.96342907310643	-0.2317768785633367	0.0	0.0	-1.1933197005113585	0.19032554429894763	0.0	0.0	-0.6791303611582171
8.709278657577887	82.97117727554135	-0.1069955983866812	0.0	0.0	-1.0858236686250864	0.005435309199587328	0.0	0.0	-0.7439534158566777
0.10278360209300569	83.4254901978214	-0.07018330850581894	1.3829670400120044	0.0	0.020418938456789805	-0.021613403945328295	0.8739886316500547	0.0	0.00658338571203909
-8.505486917324289	82.67405180257913	0.00794466136293538	1.084300717774615	0.0	0.0	-0.06480474311769782	0.7298272000962922	0.0	0.0
-17.003117871969263	80.9105738310181	0.14041823973912212	1.1899956802963514	0.0	0.0	-0.2445672640905094	0.6688526390883249	0.0	0.0
-25.414870342312103	78.64284186552253	0.23828875250286932	1.400909614721775	0.0	0.0	-0.3711832546688094	0.5740712410764338	0.0	0.0
-33.685595326752185	75.83671716461016	0.3464533090390917	1.5844392167852341	-0.00027747486419591724	0.0	-0.5020973158794663	0.4871948348892296	3.3799266169826786e-05	0.0
-41.48434376226918	71.80237174144165	0.35847139223243185	1.40381144893748	-0.003682994690871265	0.0	-0.5239512278351751	0.4321847986772841	-0.0011689453356773976	0.0
-48.746781489836316	66.97860984759046	0.3989009525832767	1.188652548850706	-0.002257376869460886	0.0	-0.5115261016795912	0.36591866869017586	-0.0006701164000803877	0.0
-55.36000080473677	61.46012921465769	0.4431463920018809	1.053447372791178	0.0011020915649211558	0.0	-0.4978290581007877	0.3241449318515774	0.00021494902164487473	0.0
-61.22074398667273	55.37015618350863	-0.0030411444464292494	-1.1090682119329767	0.48575766517096575	0.0	-0.0011649533346784662	-0.34144852281829136	-0.4847959490698234	0.0
-66.58272155916335	48.65314022139181	0.0005189106037708581	-1.2583166881012349	0.46232599523699647	0.0	0.000122906868689832	-0.3874727436802225	-0.49199019398067645	0.0
-71.33562877058576	41.384500661959564	0.002109424089821626	-1.4829304342995622	0.44223177058373797	0.0	0.0006760049851254115	-0.45658707737911464	-0.4981251681489577	0.0
-75.40383804384854	33.652396505316965	0.0	-1.541181549039573	0.44500825858763077	0.0	0.0	-0.5135812678550497	-0.4910560082154982	0.0
-78.4246462864562	25.478291128774387	0.0	-1.3593611395909675	0.33620960869718625	0.0	0.0	-0.5964664327559408	-0.3402224734278088	0.0
-80.96230378478415	17.146533410705892	0.0	-1.1936022627252276	0.2316910465043184	0.0	0.0	-0.6790537142633173	-0.19023646120073973	0.0
-82.97002319055723	8.709494043664094	0.0	-1.085662353036177	0.10702680105659772	0.0	0.0	-0.7440441171262607	-0.005527878908868684	0.0
-83.42059991296935	0.10273524028835579	0.0	0.0204279372979166	0.07009966202267383	-1.3818469876926052	0.0	0.00658930271537778	0.021785939722865705	-0.8736867020986337
-82.67281816850202	-8.505432456191674	0.0	0.0	-0.008095236806333169	-1.0838884437702951	0.0	0.0	0.06501050136041037	-0.7300132025341042
-80.90943083220056	-17.003157109082583	0.0	0.0	-0.14043468009587332	-1.1900285663967778	0.0	0.0	0.24456715804146098	-0.6688635742717292
-78.64178311719101	-25.415003736708893	0.0	0.0	-0.2382921109987456	-1.4009679328130151	0.0	0.0	0.3711640975986899	-0.5740641726616447
-75.83567748453032	-33.68579681651525	-0.00027709442794861727	0.0	-0.3464375898206103	-1.5845892691950696	3.287060628192587e-05	0.0	0.5018605533981839	-0.48702506926569866
-71.80161195625979	-41.48473685856272	-0.0036837973145760214	0.0	-0.358466540314093	-1.4038949557827367	-0.0011693581769581084	0.0	0.5238788633151161	-0.4321472789963973
-66.97784780921627	-48.74730499038122	-0.0022578335165783017	0.0	-0.3988652030486386	-1.1888359924710865	-0.0006700880191451562	0.0	0.5113943254200116	-0.36583181140348364
-61.45943424018443	-55.360590832358234	0.0011024111809322362	0.0	-0.4431586771032704	-1.0534891641957667	0.00021476825023773697	0.0	0.4978321597544828	-0.3241638571910817
-55.36948877503496	-61.22149276024177	0.48575556401014364	0.0	0.003037965189445082	1.1090221062139884	-0.4847860979451767	0.0	0.0011614299354282573	0.34143091255290364
-48.65257188601265	-66.58355666053075	0.462307954095156	0.0	-0.0005216015232598827	1.2583223534774182	-0.4919243927468671	0.0	-0.0001249525527693825	0.38741079667113715
-41.3840506880193	-71.33624445602453	0.44220929525610564	0.0	-0.0021113442611558056	1.4829640095656051	-0.4980886516596735	0.0	-0.0006770997177125724	0.45654877271473304
-33.65191567234428	-75.4048610030731	0.44499014262575476	0.0	0.0	1.541207196059584	-0.4910160275806544	0.0	0.0	0.5135502659271132
-25.477879509940397	-78.42574553812464	0.33620280380512757	0.0	0.0	1.3593568754107834	-0.3402027521943179	0.0	0.0	0.596453759922483
-17.146227533260625	-80.96347710845522	0.23171363536555886	0.0	0.0	1.1935143138434665	-0.19024949059675908	0.0	0.0	0.6790690543842742
-8.70928038971545	-82.97123028103971	0.10699627890351132	0.0	0.0	1.0858004826709104	-0.005446327944699192	0.0	0.0	0.7439683590701974
-0.102784850002802	-83.42561869980317	0.07017330753862824	-1.3829990016798834	0.0	-0.0204167834448739	0.02161669108927651	-0.8740152445610643	0.0	-0.006582784834059808
8.505590030282821	-82.67424947496751	-0.007915660320377323	-1.084438313895837	0.0	0.0	0.06475150121910704	-0.729781623721399	0.0	0.0
17.003928792807574	-80.91275436507074	-0.14042929235544346	-1.1899956628605195	0.0	0.0	0.24457741881924938	-0.6688602494000603	0.0	0.0
25.418477583697165	-78.65229750694712	-0.23827773991900247	-1.400975366864121	0.0	0.0	0.3711579247773964	-0.5740531124548052	0.0	0.0
33.696652359916314	-75.86548252593069	-0.35583283779976094	-1.5708123984639097	0.0002459666150732117	0.0	0.5222137269773305	-0.5015770370085929	-6.123225408114643e-05	0.0
41.486623239256865	-71.80879587264418	-0.35848667685521324	-1.4038337712158477	0.0036822955709080382	0.0	0.5239784496410713	-0.43221724001140965	0.0011680461037188233	0.0
48.74704669306434	-66.97976861252498	-0.398889289284709	-1.1887663621246138	0.002256509031441163	0.0	0.5114935418959082	-0.36589919641989954	0.0006702405611144293	0.0
55.36008667102159	-61.460428392714405	-0.44315823299152823	-1.0534832043415696	-0.0011031092908617849	0.0	0.4978467730900417	-0.3241711995616477	-0.00021589562210954697	0.0
61.22090687078486	-55.3701799511137	0.003039825647359604	1.109042592987121	-0.4857477501646274	0.0	0.001161649797585598	0.3414110339642869	0.48474963736697424	0.0
66.58273361416167	-48.65321636331887	-0.0005209167344882053	1.2582718993688922	-0.46232693790416035	0.0	-0.00012418608896432517	0.38745587178977914	0.4919793950074204	0.0
71.33546032802064	-41.384585015084824	-0.0021113428493262803	1.4828985795197123	-0.4422263773792227	0.0	-0.0006775446309935072	0.45655535683934556	0.49809366830924556	0.0
75.4038279145265	-33.65239922180632	0.0	1.541156382878455	-0.44500944468779224	0.0	0.0	0.5135821247615968	0.4910579477461411	0.0
78.42464611290416	-25.478286003578972	0.0	1.3593642988223555	-0.3362022641144945	0.0	0.0	0.5964577238875864	0.3402099078375443	0.0
80.96231223584996	-17.146538478658936	0.0	1.1936155638759287	-0.23168215311824472	0.0	0.0	0.6790414794543232	0.19021982144928737	0.0
82.97006884188231	-8.709501008030875	0.0	1.0856186951375721	-0.10703377841635513	0.0	0.0	0.7440517958106702	0.005536263005592851	0.0
