x1 x2 rho11 rho12 rho13 rho14rho21 rho22rho23 rho24
87.55807561461681	-0.08087954308983474	0.0	-0.012961041637387516	-0.043936932608008274	1.0204933408115635	0.0	-0.004329030262322463	-0.013515589937592092	0.7625082557551968
86.72861290155582	8.948633600846518	0.0	0.0	0.0273596815546242	0.924559781339867	0.0	0.0	-0.06385165584628721	0.7083389946382137
84.74871343345067	17.831479749928167	0.0	0.0	0.13126582560309255	1.0544269601071945	0.0	0.0	-0.21127857433186512	0.631621472194867
82.22165973959113	26.606495183778502	0.0	0.0	0.23599516895906694	1.1796812471834315	0.0	0.0	-0.3533181347895294	0.5568823147301167
79.18871403000443	35.23383440003503	0.0	0.0	0.328640350506298	1.3580164409029551	0.0	0.0	-0.4718926381534072	0.46250986775646186
75.16536204393765	43.48379658142624	0.0017075508685105499	0.0	0.3730226748719879	1.2489718174814006	0.0007246165374046431	0.0	-0.519438396606315	0.384481916574495
70.2762946424942	51.18131186503252	0.0012816403013990066	0.0	0.4109997255441285	1.0107997347254778	0.000524881839439441	0.0	-0.50770649501231	0.31102710355671076
64.57355910445352	58.18933240855435	-0.0006419626384473714	0.0	0.45204143086002463	0.8448125907164745	-0.00035998937069656937	0.0	-0.49513653627329307	0.2601446426631341
58.15948738324154	64.39493659646321	-0.4791384741226543	0.0	-0.0021121017000127955	-0.8800239291078618	0.4868645408238107	0.0	-0.0005844273393013306	-0.2708047139953205
51.065783465655514	69.9677911913504	-0.45195805908089465	0.0	0.00025991588287455726	-1.0545879113694263	0.4950221766866608	0.0	2.4659172860654294e-05	-0.32467393100250513
43.376043595478556	74.82362654550926	-0.4289256298850564	0.0	0.0010204283528120616	-1.2983108448727194	0.5021941344947293	0.0	0.0001758644856598886	-0.3997712686041232
35.18882309537076	78.89932872148941	-0.3949001372665911	0.0	0.0	-1.3236111088346418	0.45324845416252557	0.0	0.0	-0.4835374921039714
26.655180215892983	82.1750850576521	-0.2948462754614512	0.0	0.0	-1.1851504178250423	0.3107494002927285	0.0	0.0	-0.563467235650261
17.954482704976453	84.95754679816945	-0.19819416161279269	0.0	0.0	-1.0498745663172562	0.17008685825197947	0.0	0.0	-0.6442956248475866
9.124247704340997	87.14773910636188	-0.09024205544236273	0.0	0.0	-0.9507865494456823	0.003981428984609125	0.0	0.0	-0.712471345323603
0.08082999204116706	87.55774394960451	-0.04392171865740125	1.0213612664035425	0.0	0.013561085491502164	-0.013619306733946797	0.7627873301837997	0.0	0.00416084276285541
-8.9486948617472	86.73002899488621	0.027317224166111376	0.9246518500668947	0.0	0.0	-0.06378519223688608	0.7082678804521644	0.0	0.0
-17.831447024295006	84.75002736840418	0.13129338566445545	1.0542759181724615	0.0	0.0	-0.21133770756688858	0.6316594017691612	0.0	0.0
-26.606368636295766	82.2228469072429	0.23596845903944008	1.179719870782589	0.0	0.0	-0.3532870472619724	0.5568508695476014	0.0	0.0
-35.23362085994109	79.18978884814223	0.32861167808064373	1.3580552513593571	0.0	0.0	-0.47185803877378857	0.46247523052878575	0.0	0.0
-43.48352388075026	75.16640015313236	0.3730143877696173	1.2489629596271608	-0.0017079095273939732	0.0	-0.5194444656183433	0.3844763454758638	-0.0007241437088006293	0.0
-51.18083575149904	70.27710853859938	0.4110138871301149	1.0107103573751703	-0.00128146550682086	0.0	-0.5077430540490838	0.31104668071084507	-0.0005259878871813667	0.0
-58.188713504454284	64.57437179731886	0.4520306690232667	0.8448056594377958	0.0006414718253919919	0.0	-0.4951144149252856	0.2601166655655481	0.0003588039231460596	0.0
-64.39430734810156	58.162388841009204	-0.002113410431329089	-0.8801333450066914	0.47910534877761374	0.0	-0.0005854249908951544	-0.27073398100035256	-0.4867654214149509	0.0
-69.96691261622252	51.06639811017912	0.00025923720561006906	-1.054546004805466	0.4519805781648888	0.0	2.4465585170069156e-05	-0.3247456601496577	-0.49510773126483737	0.0
-74.82260454357902	43.376594081902496	0.0010203397867053375	-1.2982523633410346	0.4289485075803554	0.0	0.00017542781080939497	-0.3998052455710006	-0.5022357677646461	0.0
-78.89829384480113	35.189336544763314	0.0	-1.3236162739598003	0.3949038080208532	0.0	0.0	-0.4835526519965214	-0.45326771618746636	0.0
-82.17389333677434	26.65560887899196	0.0	-1.1850982513760842	0.2948664053148078	0.0	0.0	-0.5635005435659913	-0.3107932461928038	0.0
-84.95619999330923	17.954816911835042	0.0	-1.0497792083205324	0.1982230884800665	0.0	0.0	-0.6443441302508909	-0.17015044268056928	0.0
-87.14626002132485	9.124475654080474	0.0	-0.9510685255498396	0.09017645596680472	0.0	0.0	-0.7123809696699808	-0.0038665491915165244	0.0
-87.55804687294976	0.08088816377212066	0.0	0.012960543751709252	0.043940079785143304	-1.0205160576125014	0.0	0.004328672279964929	0.013500193484248564	-0.7624866975192811
-86.72863273067746	-8.948622772098165	0.0	0.0	-0.027375044384194528	-0.9245079351789499	0.0	0.0	0.06388209623589435	-0.7083683855414268
-84.74870766180712	-17.83146960942281	0.0	0.0	-0.13127612836211752	-1.0543984779950442	0.0	0.0	0.21129261323961157	-0.6316318089317898
-82.22165525678591	-26.606487717000338	0.0	0.0	-0.23598780697729202	-1.1797099113601086	0.0	0.0	0.3533022951935889	-0.5568694186067148
-79.18870512374116	-35.23383560810884	0.0	0.0	-0.3286256367012517	-1.3580581811877983	0.0	0.0	0.4718646807176664	-0.46248852833888515
-75.16541589366842	-43.48379235683711	-0.0017077961576532708	0.0	-0.373021055224743	-1.2489872529423727	-0.0007246313478485167	0.0	0.51942962796416	-0.38447406227905156
-70.27627418947633	-51.18131795373828	-0.0012814880491308768	0.0	-0.4110011632247546	-1.0108030659727099	-0.0005254097232279208	0.0	0.5077062945597527	-0.3110270052210664
-64.57364378929873	-58.189294713184665	0.0006422117762577512	0.0	-0.45203292728214367	-0.8448430640018315	0.00035910927915408183	0.0	0.4951047638121587	-0.2601186110492727
-58.159396295503264	-64.39486516491843	0.47913789962912706	0.0	0.0021118611385024426	0.8800206758474183	-0.48686376278743404	0.0	0.0005840827202338648	0.2708035329341896
-51.065688021301604	-69.96765545625131	0.451957096968871	0.0	-0.0002601962157238915	1.0545852384801169	-0.4950199982746355	0.0	-2.4944125541954352e-05	0.3246718352285174
-43.375943504941034	-74.82355470706491	0.428927776557164	0.0	-0.0010205017668074334	1.2982980868974348	-0.5022018283531494	0.0	-0.000176066481486787	0.39977737563693333
-35.188777137843914	-78.89925428841579	0.39490308733336366	0.0	0.0	1.3235981782797779	-0.4532553522163513	0.0	0.0	0.4835431462135086
-26.655150000012146	-82.17506277238701	0.2948612070109419	0.0	0.0	1.1851017046505201	-0.3107720515883685	0.0	0.0	0.5634864054605335
-17.954472761467244	-84.95756132380706	0.19820843719848194	0.0	0.0	1.0498231566560683	-0.17010961730104485	0.0	0.0	0.6443158186751815
-9.124252944040016	-87.147777446903	0.09023076420781773	0.0	0.0	0.9508320938959611	-0.003956705816771893	0.0	0.0	0.7124539258186601
-0.08084115094883167	-87.55772185640785	0.043927273947930286	-1.021395207689567	0.0	-0.013562657567970364	0.013600574645407133	-0.76276324782426	0.0	-0.00416076146921002
8.948678779963974	-86.73004058531824	-0.027307065794331547	-0.9246975739292866	0.0	0.0	0.0637635330119875	-0.7082459585233941	0.0	0.0
17.83142907805276	-84.75004455023975	-0.13130003605706161	-1.0542578408739345	0.0	0.0	0.21134822332076478	-0.6316667626753577	0.0	0.0
26.606348066762106	-82.22286284732517	-0.23596606034873904	-1.179731933015291	0.0	0.0	0.3532824071055672	-0.5568471098872787	0.0	0.0
35.23359364653178	-79.18980787326049	-0.3286183853121679	-1.3580433824700426	0.0	0.0	0.4718693729126047	-0.46248474748406104	0.0	0.0
43.48349963007512	-75.16645286893622	-0.3730411752779881	-1.2489022425048042	0.001707626920369178	0.0	0.5195296886230958	-0.3845415331009185	0.0007242932261357191	0.0
51.180861174221945	-70.27724866260355	-0.4110065026478182	-1.010754305606723	0.0012813895274730678	0.0	0.507745023412076	-0.311044656005502	0.0005262677131982144	0.0
58.188758771046196	-64.57439821294324	-0.4520394634338489	-0.8447892406592933	-0.000641847770239312	0.0	0.495142874156775	-0.26013993562525456	-0.0003589866948895775	0.0
64.39430652551435	-58.16249505497658	0.002113625179963068	0.8801184592430863	-0.47910876121454005	0.0	0.0005843982794718164	0.27074140015773174	0.4867719105506528	0.0
69.96695713572387	-51.06635445922965	-0.00025923085779284933	1.054525388055347	-0.4519880699394857	0.0	-2.4331356549013182e-05	0.3247601948442656	0.49512790560768644	0.0
74.82249712855356	-43.376611368063124	-0.0010203544003917135	1.298260084999196	-0.42894419597319755	0.0	-0.00017556027759545677	0.399791190684176	0.5022176807273335	0.0
78.89828313629656	-35.18931436315164	0.0	1.3236255397494467	-0.39489844276541275	0.0	0.0	0.48354293221233685	0.45325566482826907	0.0
82.17387537278204	-26.6555908335561	0.0	1.185078787197442	-0.2948722643484626	0.0	0.0	0.563506074601025	0.3107995226520753	0.0
84.95618915489939	-17.954802015004027	0.0	1.04975018606686	-0.1982314207570465	0.0	0.0	0.6443539173942986	0.1701609762430949	0.0
87.14624656063489	-9.124465067376871	0.0	0.9510723789609093	-0.09017577189696277	0.0	0.0	0.7123761544470334	0.003861051573965965	0.0
