x1 x2 rho11 rho12 rho13 rho14rho21 rho22rho23 rho24
93.1172028340385	-0.0342045049351575	0.0	-0.005308025092747114	-0.014682799906721037	0.45327755177859763	0.0	-0.0013057350249403887	-0.004735930600522481	0.5880135985514225
92.32013900573794	9.599028596798123	0.0	0.0	0.044471490669507584	0.5407984097390774	0.0	0.0	-0.03912379847466278	0.5970655852338975
90.18877217467656	19.04956097249962	0.0	0.0	0.1297822594247152	0.6255520683110687	0.0	0.0	-0.15343979653654552	0.5244553773997375
87.4005189436321	28.35284796096342	0.0	0.0	0.2175620813519386	0.6970536192333618	0.0	0.0	-0.27558968472655604	0.4632417119586908
84.09625593420016	37.49424239773851	0.0	0.0	0.30002228855825996	0.7886766314432118	0.0	0.0	-0.384588004585552	0.38830688633433413
80.21552655651078	46.39792097441679	0.0	0.0	0.3773501589122034	0.899528089474054	0.0	0.0	-0.48264977850392154	0.3009159847999717
75.10534772959045	54.66590702745936	0.0003818599085835737	0.0	0.42500529376784335	0.7251377580664777	5.392844443289542e-05	0.0	-0.5034277378777514	0.22330066767061796
69.0806997813962	62.22848500634561	-0.00017482664093872066	0.0	0.4622707364029731	0.525288172051375	1.3102688134603496e-05	0.0	-0.4919509206865866	0.16166991439045528
62.172129211711564	68.92306142506987	-0.4717716677125883	0.0	-0.0007530030861137299	-0.5369724126820854	0.48905408588414073	0.0	-0.0004127148045810694	-0.16553647821034934
54.521150816890376	74.82469411238614	-0.4404341690363009	0.0	9.992561267731412e-05	-0.7412916440462702	0.49862649261696085	0.0	-0.00016117593054326083	-0.2284198477519114
46.23981063849535	79.88882947242183	-0.39699106306633486	0.0	0.0	-0.8953701800310433	0.4698057033756665	0.0	0.0	-0.3075445487517892
37.4200681574448	83.93754715776075	-0.32259134699958975	0.0	0.0	-0.7823711191400209	0.3715124523207475	0.0	0.0	-0.3971624930597869
28.34846522388624	87.42616261154348	-0.24052333414641286	0.0	0.0	-0.695470005156014	0.2570953893094343	0.0	0.0	-0.46945642271456167
19.100162478425286	90.39494636212855	-0.15402777345303734	0.0	0.0	-0.6246503614454608	0.13347343600978392	0.0	0.0	-0.5315528254263251
9.684136381534177	92.66378877746394	-0.06934224555697313	0.0	0.0	-0.5418195487531395	0.017060142442238125	0.0	0.0	-0.6048360152844544
0.03415717126335683	93.1220243789014	-0.014755989283077805	0.4545269040117394	0.0	0.0053025000238311705	-0.004531466326066961	0.58831205654224	0.0	0.0013001704999303625
-9.59905273077464	92.32197552065453	0.04446495000508876	0.5407736052124545	0.0	0.0	-0.039124113907801475	0.5970520520564784	0.0	0.0
-19.049582664805598	90.19040972000315	0.1297747960698463	0.6255404204983339	0.0	0.0	-0.15343357230290097	0.5244383519908169	0.0	0.0
-28.35284571247265	87.40191312879033	0.21756808845582817	0.696997760359108	0.0	0.0	-0.27562116675263787	0.4632661497781204	0.0	0.0
-37.49419543278739	84.0973836895448	0.3000065747573636	0.7886964017650729	0.0	0.0	-0.3845586217570523	0.38827529870992367	0.0	0.0
-46.397797321626356	80.21637402900679	0.3773526381731928	0.8994943476766945	0.0	0.0	-0.48266965616775315	0.30092580592285256	0.0	0.0
-54.66560650441162	75.10580990737664	0.42500933079945385	0.7250862924822632	-0.00038177307500583246	0.0	-0.5034270387738519	0.22329598960643443	-5.440080126476764e-05	0.0
-62.22810227591114	69.08106726770353	0.46227299593922155	0.5252597936036902	0.00017447363677084164	0.0	-0.4919668878307233	0.16167637778712243	-1.3480044010559262e-05	0.0
-68.92265319348427	62.172463043124054	-0.0007537290945471348	-0.5369667547664075	0.47178099441787424	0.0	-0.00041363540068711145	-0.16556679352550968	-0.48908999641535417	0.0
-74.8271180788754	54.52300902324964	3.3546652908950125e-05	-0.7422079488510648	0.4404718150386274	0.0	5.142322303406112e-05	-0.2283411409878059	-0.49874048542393823	0.0
-79.8879821046093	46.23993849416488	0.0	-0.8953684454861051	0.39699572414600387	0.0	0.0	-0.3075641120185978	-0.4698289906314607	0.0
-83.93640968256415	37.420138412869925	0.0	-0.7823721026478742	0.32259350340096415	0.0	0.0	-0.3971804627659141	-0.371531566250654	0.0
-87.42474571776647	28.34848505753191	0.0	-0.6955296681466812	0.24050786369432067	0.0	0.0	-0.4694263195952244	-0.2570657478831329	0.0
-90.39326083388741	19.100145280592407	0.0	-0.6246725632557693	0.1540225137198369	0.0	0.0	-0.5315525370410551	-0.13347422766481074	0.0
-92.66190087729069	9.684103321517965	0.0	-0.5418309087404061	0.06933844858758735	0.0	0.0	-0.604852950335949	-0.017070276666231184	0.0
-93.11718672889796	0.034203967091750026	0.0	0.0053077163349862	0.014685539520702071	-0.45329328178122	0.0	0.0013055467558015935	0.004724867629902848	-0.5879977353064926
-92.32015233915071	-9.599026487938652	0.0	0.0	-0.04447206324203369	-0.5407998338867026	0.0	0.0	0.03912336031527583	-0.5970663195443136
-90.18876868911191	-19.049559102137025	0.0	0.0	-0.12978285697953346	-0.6255530334645134	0.0	0.0	0.15343934977670481	-0.5244543389726134
-87.40051401179919	-28.35284374387646	0.0	0.0	-0.21756377572334845	-0.6970506261069411	0.0	0.0	0.2755922797648306	-0.4632441306144823
-84.09624569723789	-37.49423269055474	0.0	0.0	-0.30002223144782003	-0.7886796893250209	0.0	0.0	0.3845856996942368	-0.3883051683386577
-80.21549996904281	-46.397897130105065	0.0	0.0	-0.3773513316738372	-0.8995274268695461	0.0	0.0	0.48265076877765783	-0.30091731822720014
-75.10525377422628	-54.66582710438915	-0.0003819054803625005	0.0	-0.4250058176855195	-0.7251391138776763	-5.394439249406142e-05	0.0	0.5034273001360975	-0.22330109976222598
-69.08059029372454	-62.22839043695449	0.00017492686890936107	0.0	-0.4622837965359865	-0.5252596051913173	-1.3616760433974077e-05	0.0	0.49199163952567876	-0.1617004132735096
-62.17202407827343	-68.922949053364	0.47177150822449865	0.0	0.0007529277026069915	0.5369708592412284	-0.48905406717990585	0.0	0.0004126177641815813	0.1655361077789601
-54.52271169886712	-74.82774142146448	0.44047128334924684	0.0	-3.394829587129084e-05	0.7421976897980888	-0.4987303449078606	0.0	-5.1821761938662e-05	0.22833069844275655
-46.23978570767469	-79.88880421555285	0.39699137568654674	0.0	0.0	0.8953676965092443	-0.4698072752210571	0.0	0.0	0.3075456709570901
-37.420062763154235	-83.93753933684377	0.3225914111337966	0.0	0.0	0.7823692219842864	-0.37151329048392434	0.0	0.0	0.3971634641644519
-28.34846708500718	-87.42616349135872	0.24052187978094694	0.0	0.0	0.6954736499370182	-0.25709181925685287	0.0	0.0	0.469453686592517
-19.100168309168506	-90.39495303557491	0.15402731126234467	0.0	0.0	0.6246507085088845	-0.13347238741306375	0.0	0.0	0.5315530241413162
-9.684146739340783	-92.66379927468098	0.06934195580267086	0.0	0.0	0.5418192919555395	-0.017059567188553046	0.0	0.0	0.6048381133134397
-0.03418295390034122	-93.1220430343225	0.014746164254944216	-0.45447928426236855	0.0	-0.005302848657215828	0.004562820504674754	-0.5883639115672282	0.0	-0.0013001296666878578
9.599032179262771	-92.32196699702311	-0.044465335513009574	-0.5407746411931333	0.0	0.0	0.03912496709319938	-0.5970514361235096	0.0	0.0
19.049553747940852	-90.19039947734552	-0.1297750347657225	-0.6255425181507168	0.0	0.0	0.15343392677498294	-0.5244384920126178	0.0	0.0
28.352807776956244	-87.40189827149621	-0.2175680390095793	-0.6970009477048169	0.0	0.0	0.27562069702280745	-0.4632657673145328	0.0	0.0
37.49414929533038	-84.09736585932632	-0.30000791136220434	-0.7886954183301609	0.0	0.0	0.3845620841457583	-0.3882787170376829	0.0	0.0
46.39774778219364	-80.21635907415906	-0.3773513469099673	-0.899501325218328	0.0	0.0	0.48266601265360587	-0.3009233433515724	0.0	0.0
54.66561079914271	-75.10592455519242	-0.4250122309024754	-0.7251007248677003	0.0003817373732796326	0.0	0.503462217882243	-0.22331955615140206	5.455340823548824e-05	0.0
62.22805586347641	-69.08106569764519	-0.4622771916004292	-0.5252526411329709	-0.00017469983343348835	0.0	0.49198025352246055	-0.16168658709618233	1.3550220825533753e-05	0.0
68.92254721415625	-62.172417999922246	0.0007539658874363059	0.5369961943829472	-0.4717673371211272	0.0	0.0004125623428604501	0.16553424069178516	0.48904370382637513	0.0
74.82402412199978	-54.52134344362083	-9.970797986394352e-05	0.7412920288487264	-0.44043771719447306	0.0	0.00016136583192419572	0.22843604546629373	0.4986446243807585	0.0
79.88790661961545	-46.239920080800395	0.0	0.895366210538521	-0.39699589040926553	0.0	0.0	0.30756282260045464	0.46982741887811946	0.0
83.93637837586155	-37.42012682190272	0.0	0.7823693942596044	-0.32259385037726773	0.0	0.0	0.39717940143100716	0.371530447480096	0.0
87.42473104323244	-28.348480084715362	0.0	0.6955276517999301	-0.24050812444365682	0.0	0.0	0.46942551042809444	0.25706454939755063	0.0
90.39325786283506	-19.100144716222985	0.0	0.6246702918327419	-0.15402288921075347	0.0	0.0	0.5315522516215062	0.13347326412503438	0.0
92.66189342913212	-9.684106517353735	0.0	0.5418281653927501	-0.06933890816723387	0.0	0.0	0.604852127482074	0.017069585806946966	0.0
